id,label
473324,4
595537,1
336211,3
542796,3
1246641,4
1545976,1
599181,2
15957,4
106784,4
643160,1
590929,3
336229,3
543004,0
361837,2
643866,1
595773,1
599033,0
1208903,2
389415,2
16130,0
12089,0
1567575,2
1208941,1
545969,1
472968,3
300328,4
389999,1
546553,4
363568,4
388141,0
362168,2
391008,4
472549,1
643748,2
1209045,2
21548,1
542353,2
546814,4
301584,0
11693,3
472373,2
107740,3
589971,3
96314,0
594910,3
391290,4
1065472,0
362407,3
643711,3
596456,4
107877,2
473102,2
95478,2
641825,3
301381,2
598805,3
16218,0
335952,1
1065565,4
674044,4
473521,4
1246840,1
391452,2
473034,3
1065312,2
95770,1
644154,0
11704,3
596087,2
642424,4
599080,1
299868,3
12010,2
390858,1
334629,1
473189,2
96568,3
390955,1
388786,3
12718,4
15676,3
600046,2
96272,4
595418,4
106689,0
546808,4
598242,3
95335,2
1567574,3
472355,1
95211,4
362387,4
300056,1
599272,0
1567683,1
363355,1
1545986,2
546352,3
590730,1
12813,1
300377,3
543006,4
642986,3
335222,2
598293,0
16181,1
1064773,2
95092,3
95357,4
642346,1
362981,2
363529,0
472853,4
546178,3
642516,0
301015,2
1236514,2
595668,0
546780,3
20757,1
387450,4
589980,4
361717,3
388415,1
591438,3
674574,4
591839,1
644029,2
299775,0
389917,3
594396,0
644249,3
390250,0
675639,0
642142,2
1064734,4
14626,3
1064557,3
675666,1
16317,3
108402,3
598545,3
589751,4
301144,2
107108,2
20303,2
542923,2
599114,3
594860,2
542718,0
595561,0
542363,1
387384,4
363080,1
12264,4
642953,1
546982,2
546700,3
21553,4
107608,3
599474,4
546154,2
642817,2
643892,4
16009,0
96345,2
1550165,2
643378,4
643960,1
96191,1
300020,2
388915,4
642495,4
336047,3
596260,3
389361,4
15937,1
334545,3
595687,2
596238,2
1549843,3
642885,3
545939,3
1211173,2
641898,2
14131,2
595601,0
599733,0
600279,1
546676,1
594746,0
388328,4
643047,0
390081,4
389630,2
596414,2
675009,3
20971,3
596220,1
643042,1
14802,2
473073,3
594651,3
591283,0
390323,2
1567636,2
95713,0
387708,1
675069,2
361809,0
390292,1
599727,4
675080,3
96042,0
107130,4
391392,4
106982,0
107694,4
542627,0
389867,0
599070,3
1246579,4
598798,2
598475,2
362413,2
387549,3
95103,1
589722,3
1211645,1
107248,4
643103,1
106777,0
1236653,1
591126,3
20120,1
391616,3
472628,2
594949,2
96477,2
1246852,2
361276,1
598259,0
1604359,2
96096,2
472452,2
642136,3
1065970,2
674806,2
596066,4
598389,1
96351,0
595982,3
1212825,0
391692,2
595570,2
390438,1
389588,2
336202,0
596275,3
301514,1
335492,1
674236,3
589614,4
1212938,1
546195,3
13895,3
362218,1
391547,2
542546,4
107469,3
591688,1
542878,1
388220,4
642594,3
589820,0
542433,4
599874,1
21288,3
387410,1
96305,0
1065252,4
1246822,4
1516526,1
390458,2
391568,1
16147,4
596231,1
363243,0
20045,1
15797,3
363274,3
107960,3
390368,1
642977,1
595525,3
675144,4
598356,1
300750,4
546634,1
643038,3
642070,2
1567637,4
391624,0
598390,0
1064558,0
301311,3
21356,1
642500,3
21306,4
107383,4
674198,4
1540847,0
591745,2
642344,3
643405,3
95502,0
591579,1
387774,3
595241,3
546412,0
473657,2
387403,2
642413,0
594595,2
642130,0
642273,2
362326,1
590866,3
1065216,3
674035,0
644264,3
95904,0
20205,2
107150,1
21259,0
674970,3
598910,3
599871,4
388008,0
107052,2
96621,4
299590,2
363065,1
675127,0
675507,1
643542,1
594730,4
594899,0
1246691,0
299810,4
334844,2
13889,1
21445,2
642635,2
95384,1
641882,0
299865,2
546289,4
15145,1
598902,1
675136,2
675354,4
1549283,0
335964,0
13546,1
596392,0
595138,4
363389,3
19999,2
390604,4
598730,1
96374,3
21208,4
1212786,0
107829,0
299471,3
20614,4
1555400,1
546618,2
591188,0
16240,4
15763,3
95123,1
542309,2
16052,3
1246593,0
299275,3
598219,3
1246803,1
596165,1
108246,3
107854,0
597996,3
95383,1
596037,3
643660,2
387538,0
675603,1
20017,2
336103,3
1212661,2
473639,0
674575,4
594563,0
387945,3
1064580,1
95878,4
1208887,3
299633,0
473188,2
591576,0
598620,2
387969,4
107642,4
363208,4
589942,2
363449,3
590275,3
642878,0
594918,2
591702,0
675409,1
595363,4
388742,3
546423,2
388358,4
598913,1
591355,4
542404,1
13918,4
301229,3
1236565,4
642785,3
21444,2
16193,0
106747,4
20194,0
107335,4
599252,3
361885,0
598981,4
590156,4
1236730,1
674357,3
96572,4
595410,2
675176,3
1211153,4
642022,4
388688,0
388821,4
589646,0
590449,4
641809,1
599362,1
598422,3
546691,1
1212892,2
675123,4
596353,0
600043,0
106770,1
361220,4
1555593,0
96438,1
389238,3
108349,4
391629,4
546141,1
643988,0
107818,3
675214,0
599076,1
21527,3
674408,1
594382,0
15809,4
473397,4
594669,3
362272,3
15886,0
388123,0
300871,1
594437,4
596225,1
599766,2
643848,3
20854,1
594628,3
21017,4
108096,2
599576,3
590213,0
599916,4
642296,4
300913,2
595131,4
675644,1
301079,2
15916,4
598207,2
1064553,2
598095,1
336317,4
108326,4
641853,1
106654,3
1208898,4
542768,1
12895,2
389967,0
642860,1
106947,0
390140,1
642415,2
594503,3
641804,2
1546003,4
336075,3
600045,0
390751,4
390078,4
20446,0
362144,4
594792,3
542624,1
363325,4
389158,2
300138,4
473739,0
20394,1
595890,3
599454,0
591302,0
388478,1
594585,0
96000,3
14433,3
20468,0
1236552,3
642049,0
673758,2
594811,4
546869,2
598440,1
389952,0
591805,3
389732,0
300279,3
643209,3
542326,0
598794,4
546086,2
1516505,0
363179,4
20104,1
546903,0
390157,2
642718,3
15802,2
600243,4
542317,1
389859,4
391748,4
643814,4
13859,1
599123,0
590350,1
642985,1
473028,3
598946,3
96530,2
473713,4
106723,4
390305,0
598995,1
387456,2
300451,0
674967,4
542563,2
388483,0
546221,1
675037,4
16069,2
642248,3
594377,1
546445,2
643400,0
674452,2
14547,4
598410,3
21218,3
95476,0
96496,3
107421,1
16343,1
1209227,3
591610,4
1516443,3
596248,2
15816,0
642490,2
106726,2
15715,2
334732,2
596137,3
388453,0
643647,0
388386,4
13677,2
300320,3
15908,4
1318625,1
675358,4
1516538,2
391026,4
1318651,2
598544,0
600250,4
107455,4
598427,2
362425,3
13811,0
14714,1
600134,4
19856,2
642268,0
542444,4
598812,4
96012,2
95724,2
19918,1
595295,1
21212,4
599377,1
361559,1
1064866,2
16265,0
1211625,2
299695,0
389915,4
95918,4
1545982,0
108270,0
643354,0
596024,2
1211102,1
1236605,0
642404,1
1211623,1
20408,4
390763,0
641812,4
20826,2
598980,0
96372,1
542425,0
391188,2
546033,3
363412,0
95069,0
600280,0
388371,1
388667,4
361327,1
1236670,4
362972,0
387662,2
1211106,2
16180,3
16058,4
1567770,4
107729,1
1212897,4
599336,0
11975,0
674278,1
390564,0
546615,1
299593,1
542511,2
473320,0
336210,3
643189,0
1209189,1
642556,4
1567779,3
20536,2
1209234,4
300239,1
473660,3
336272,2
21285,0
594423,1
301285,4
299344,4
21397,4
12901,4
642115,0
595326,4
599877,3
335011,1
390369,3
674490,4
595918,3
95972,2
595523,0
542298,4
1516465,1
596107,0
546091,1
299373,4
20672,0
390950,3
95414,1
596254,3
642877,2
596279,4
642258,0
599937,0
1246628,1
96575,2
598452,1
16261,2
334841,0
643018,0
1246578,4
16010,3
594773,1
641847,3
598916,1
546977,2
1065935,4
643734,3
598728,2
299636,4
591482,2
675261,0
299425,4
1236444,3
1246596,3
300737,4
387586,2
590936,2
389083,2
1064660,4
107691,3
388586,4
95160,1
1212932,4
595043,0
336263,3
335039,4
361280,2
472880,3
1246513,2
598374,2
595333,0
674991,4
674518,1
300755,0
674218,1
16361,3
642339,4
300631,3
15712,4
1236623,3
20392,4
1236528,3
1567615,1
361215,0
300810,4
107229,4
674625,4
643461,0
546764,4
390365,4
107473,4
361592,4
643673,3
1065635,1
516134,2
1065914,1
472846,3
1516417,1
590297,1
546655,0
542771,0
12759,4
108445,0
674888,3
674312,1
390729,4
594765,2
363680,1
1567705,0
591273,1
300410,3
675395,3
363727,3
335237,1
598001,3
1209012,0
642968,0
336220,4
546811,2
598411,3
1236593,1
300717,0
1065524,1
1065863,3
361402,1
301577,0
361527,3
301519,0
21047,0
336247,0
596036,0
300171,0
595975,1
363300,1
473669,3
599464,1
1246665,3
95694,1
546831,0
599673,3
596183,4
472561,4
389602,1
641920,2
1236649,0
1065931,2
336089,4
675575,3
96512,0
96529,3
1211634,1
1065292,3
106968,3
107463,2
107213,1
15811,0
299844,0
15722,4
96146,3
300900,2
542850,3
1318622,3
19976,4
591399,2
299967,1
595005,4
590935,4
590867,2
642890,3
19871,0
390230,3
642731,2
389537,4
363520,1
1318635,1
1065221,1
107177,4
388350,0
591561,1
643562,1
595051,0
598243,3
643747,0
674988,1
389418,1
300704,4
598285,4
1236567,2
107171,2
11814,4
643275,4
546981,3
389499,2
473704,1
15738,1
108042,0
96104,4
674491,2
674521,4
641791,1
299300,3
1246645,3
643531,1
361436,0
641887,1
1212870,0
643201,0
1604353,0
595317,1
642260,3
643859,4
1246756,3
542370,2
391372,2
1549348,2
642744,4
387517,3
96007,3
336022,2
362172,1
473457,1
642607,4
96565,1
472562,1
675243,3
1065066,2
642276,4
1208879,3
1555499,2
391466,0
473387,0
299477,4
473352,0
390065,1
363393,2
472339,2
675673,4
107187,4
362098,0
391354,1
1211624,4
108024,3
15532,3
388030,0
387764,2
472392,2
391079,3
642974,1
473790,3
1065443,0
11690,3
13557,3
643427,4
391705,3
598341,2
388178,2
107270,1
590404,1
641933,2
643704,4
390136,3
595757,3
388142,1
96093,3
643096,1
472756,4
1065781,2
543025,4
362899,3
391432,0
641979,2
20415,1
95203,4
388621,0
362500,2
108313,0
675002,4
673771,1
107990,1
1236449,2
1555562,1
16030,4
300974,1
591758,1
300793,4
546545,4
95088,1
1516522,4
362134,2
546474,4
12914,4
1064579,3
299812,4
361517,4
599042,2
19923,2
16254,3
1516437,4
542890,0
590537,2
594798,0
736200,1
362647,4
361819,3
106627,2
599883,1
20455,2
1236694,0
598017,2
546182,3
390124,1
542675,4
390024,3
362912,2
388146,4
390545,4
391603,3
736215,1
595585,3
546372,0
598896,0
362169,2
301107,0
20935,2
106690,1
1208935,3
600126,4
1236533,4
15665,4
643784,0
388280,4
591828,3
1065762,0
591232,3
1065375,2
1555454,0
299797,1
13999,0
16046,3
590938,3
361421,1
546670,2
391214,1
12557,4
644123,1
673865,0
595123,4
299394,0
107722,0
643451,1
387460,1
388374,4
594779,0
20585,2
546170,3
674497,2
598437,1
596360,0
362606,2
546861,1
300831,4
598581,3
1211171,1
335562,1
599096,3
95795,4
361546,0
390309,0
301159,1
589865,0
95167,1
95081,0
95610,4
473506,4
363365,3
106619,3
594691,1
96216,2
388581,0
96525,1
644035,2
389877,1
1567786,4
95583,2
674437,2
598993,0
675157,1
14476,0
1065873,3
388476,3
95475,3
595576,1
299699,0
596386,2
106900,3
388195,0
20653,4
390371,0
1209204,0
389983,3
20532,0
597910,4
591794,4
591003,4
389429,2
472624,2
96303,0
736253,0
301563,2
546069,4
473135,4
590421,0
107809,4
1318639,2
19851,2
96214,0
387429,4
107700,1
20634,4
96267,4
473499,4
301044,2
21341,0
736232,4
1318618,3
674651,0
1246805,2
20488,1
1555440,4
1065500,3
1065920,0
600169,1
21550,3
643554,3
21049,3
674516,3
12405,1
362246,2
545918,2
16188,1
642111,0
674588,4
673726,1
96592,3
1064914,4
1064726,2
363394,4
546857,0
391827,3
590589,2
1236572,0
1065321,1
95723,4
598846,4
674271,1
1212657,3
21760,1
13626,1
388330,2
107544,3
96070,2
599131,1
1211186,3
1567720,1
473475,3
675567,4
643176,1
387909,0
21497,1
387811,4
389849,4
95958,2
95615,3
390076,2
589724,3
95094,0
11696,1
13242,1
590249,4
390620,1
95465,0
107490,3
675398,3
675512,2
590132,4
643362,1
598153,4
1516523,3
595592,4
643985,1
675524,2
642063,1
1246634,0
95086,1
362137,3
300784,4
12254,4
300080,4
299850,4
591786,0
1212712,2
591174,1
11897,2
600246,4
643286,4
390739,2
596223,0
95934,2
106629,3
388525,3
300613,4
1236560,3
598115,2
642373,2
542568,4
16048,0
599634,3
594999,1
1236725,3
546794,1
546309,4
1550180,2
361511,3
590983,2
596216,3
96066,1
108358,3
599493,3
387890,4
596293,0
21152,2
644153,2
1208914,0
736291,4
95129,1
96283,2
599247,3
643403,3
362960,3
598996,0
96490,4
107787,4
675093,4
96513,1
596074,4
1211219,3
1064638,0
1209000,2
642338,1
600284,3
675202,4
389242,4
675540,3
20480,2
591611,0
590206,2
473796,1
600212,0
600114,2
595271,0
363028,0
1567744,0
390926,1
15817,3
473614,4
594789,3
335503,1
95076,0
96154,2
1318649,1
644119,4
20944,2
106910,2
643927,0
1212742,4
15037,2
546681,1
299299,1
643311,2
390742,4
542506,3
15771,0
589911,3
390877,2
390816,0
595955,3
546730,1
390684,2
300718,0
96120,4
675648,0
95854,2
642816,3
335196,4
594722,2
643736,0
1567653,4
598125,3
299423,4
546010,1
675396,2
599715,3
362515,3
389564,1
335683,3
542855,4
108008,3
95119,0
1567550,2
14161,4
388053,1
542802,4
598486,3
642848,3
598513,0
542731,4
96286,4
361756,4
473518,2
301162,4
598951,4
107251,0
596052,3
95799,2
362451,0
598003,1
390535,1
390489,2
675625,3
1567704,0
545895,0
390588,3
642004,1
389908,2
1236720,0
15753,3
600171,0
12142,2
473477,3
20958,0
599543,0
361731,3
391570,3
13802,3
542742,4
643761,1
334473,0
391716,3
589758,1
546150,3
335985,0
1065194,4
362313,4
16192,2
1065960,0
1540854,3
473468,0
15632,2
390708,2
389703,2
389310,0
95269,4
599716,1
473117,4
21205,1
1064520,2
21720,3
595901,1
642805,1
388154,3
96217,4
387770,4
14943,2
15834,0
473021,0
472510,1
595460,2
391139,4
599624,2
1212642,4
387613,4
107332,0
95389,0
1246773,1
472667,0
598672,1
675040,1
15970,2
1516393,3
389413,1
16026,1
598987,1
1065431,3
598831,2
95466,2
391723,2
1516484,1
546427,1
596245,3
387888,2
674630,4
598049,2
542895,4
14342,4
1212597,4
95334,4
217034,0
362996,2
1065529,0
542941,4
589689,4
642643,1
1211140,3
546183,4
642929,3
591343,1
389139,0
21246,2
96437,0
20803,1
95879,3
590892,3
642502,1
594470,3
21692,3
389063,1
391131,1
15913,0
596413,1
362091,4
390028,0
361707,2
643439,4
598314,0
546823,1
96084,3
362746,2
594537,3
675329,1
598975,2
598456,0
336119,0
595825,2
1065271,2
299616,3
675085,0
596412,0
362374,0
598772,3
590741,2
106922,2
642342,4
642973,0
336153,0
95364,3
389985,2
590910,2
596177,1
590372,1
14522,2
96474,0
12421,3
1065091,1
644065,3
594731,1
95764,0
1567778,0
95488,4
1550215,4
300363,1
596408,0
590044,1
21099,3
95921,0
390981,0
644182,3
390394,2
641835,4
388541,3
19865,1
542369,3
362123,1
674650,3
1064864,4
361365,0
1211134,1
336295,0
546606,3
107196,4
96639,3
589566,0
643070,4
599943,2
642199,3
546374,4
642847,3
1065946,4
390430,2
643284,4
546958,3
300238,0
389560,1
106718,1
335056,1
546102,2
390979,1
595170,2
12026,0
643766,1
642813,3
301011,2
598653,2
591726,0
12786,4
736238,2
598303,3
674558,2
599187,3
336326,1
391071,4
387533,1
107637,2
388191,2
16202,2
361938,3
600162,4
21420,2
598532,2
362699,1
363195,3
596150,0
389831,1
361255,0
387812,4
675102,0
390556,1
596211,1
391003,1
598935,2
362530,1
600275,0
300550,2
674348,2
20014,4
590737,3
20810,2
599100,3
1212837,3
334806,0
21036,2
390529,0
95398,2
1065497,0
594777,0
16006,2
21187,2
363201,1
599635,3
674455,3
107423,3
388589,2
362476,3
598157,1
590911,2
473547,3
301553,2
300931,0
472485,0
736231,4
545980,2
643300,2
1546011,1
1567749,4
598875,1
598686,4
389669,1
388023,2
390757,3
591312,4
1550231,0
15488,2
107927,3
107441,0
335126,2
472347,4
673911,2
11761,0
389626,2
362444,4
299802,2
107595,1
643939,3
595016,3
336182,3
546341,1
643874,0
96265,4
363407,0
641874,3
16200,0
642838,3
389738,1
336101,4
591821,0
643950,0
20833,3
20769,3
591386,1
13681,3
1066019,1
96339,4
363155,1
108199,1
642514,1
390593,4
391064,2
335767,2
473809,3
674556,2
20878,3
334725,4
107589,2
15848,3
335309,0
473139,4
543022,4
594827,4
1550216,2
390008,2
1246615,3
390703,3
106684,3
1318634,0
300407,1
363645,0
1246619,3
334968,4
300433,0
361745,0
389622,2
107732,1
107253,1
675139,1
16319,0
388692,0
542915,4
20146,4
389047,2
1246770,4
546250,4
542730,1
13874,0
387834,0
1064945,0
96016,1
96047,2
675667,2
361423,3
1212670,0
108386,0
361264,0
598533,3
388224,1
19921,2
300777,1
1555528,2
13370,3
1246656,2
595316,4
542443,3
21184,2
335075,1
1211209,0
21260,0
13949,0
641814,1
1236464,1
21552,4
590760,2
361798,2
336174,3
1516477,1
336289,3
14982,1
362225,1
1567736,1
388169,1
16175,0
336140,3
361430,4
643314,3
599047,0
107557,4
590312,4
95632,0
20362,4
387839,0
594803,3
15914,0
546687,1
20565,3
299585,0
1236591,0
590191,0
388684,3
1064574,3
95289,2
595794,0
389881,0
20452,3
643841,2
590661,2
301256,4
546155,4
1065189,3
20543,4
642107,2
14340,1
95360,0
335220,4
299717,3
642294,1
643757,0
472591,2
21097,3
594502,1
1208938,4
1208948,3
387877,0
546192,3
1212902,1
96343,2
644208,0
675460,0
388622,3
472582,3
363172,4
96628,2
642669,3
389949,4
391537,4
516288,3
1246764,3
545891,1
106615,2
16359,1
1212632,1
13150,1
19858,2
595528,1
300694,1
362841,4
389128,3
299869,1
391255,3
11645,0
106808,3
1209178,1
21141,1
1065330,3
1236722,2
595358,0
472773,3
595591,1
546176,0
362305,2
596343,0
21611,1
335406,3
600274,1
595877,2
390354,0
361451,2
644084,4
21795,1
107008,0
388351,4
644137,2
600025,4
20301,2
387695,1
600078,3
599069,1
642774,4
643862,2
1209025,2
594862,3
107328,0
1212761,2
598677,3
391088,0
96036,3
21412,3
390681,4
301351,1
598350,2
108128,1
391126,2
108437,2
391093,0
336311,4
1516403,3
95293,0
363744,0
362667,2
590945,3
15806,1
362534,4
390903,0
361353,4
1246610,0
597878,2
95252,2
20103,2
643342,4
1516521,3
335905,4
1209050,0
597970,0
598522,3
642823,0
597874,4
12235,4
591233,4
590508,1
595135,3
546449,2
674799,2
16190,2
108000,1
675606,2
473406,1
107020,1
595386,4
590046,3
643373,2
473509,4
362551,1
643476,1
1212645,4
16062,4
596141,0
674421,1
96539,0
107755,3
546949,0
542352,0
361541,0
96636,3
473307,0
596032,1
642866,4
599643,4
644214,3
20306,0
1246802,3
387755,4
1236446,1
595192,2
389146,0
361998,1
1065400,4
591772,3
595371,2
108219,0
594571,3
1567738,1
673946,4
21034,2
673793,2
675467,0
334533,1
642234,4
1212621,4
642293,3
643241,2
595307,0
21195,4
1065421,2
473191,0
391706,1
542396,2
589639,2
361460,2
20216,3
591001,4
15207,0
542531,0
643590,4
335849,1
642498,0
95257,1
598922,1
675378,3
15881,1
388572,0
642483,3
363668,1
675212,3
16211,2
594947,4
545879,3
595726,1
1246688,2
96397,2
1567769,2
1246574,1
96453,3
107663,2
1064824,2
643003,2
1567755,2
545902,2
642173,0
1211160,1
95356,1
1246807,3
736235,0
107939,1
472919,3
387668,2
674781,0
301058,2
13358,2
107540,4
642360,1
15140,1
96260,0
21426,3
599627,1
472364,2
362356,4
1236506,4
362428,2
389584,4
595738,4
595990,4
336277,4
21404,4
595490,4
546065,4
1246800,1
13640,3
335963,1
642108,3
546048,2
1212760,4
589813,4
14510,4
20356,2
597950,4
641832,0
643564,4
12276,1
389743,4
589933,3
299521,1
595613,2
594533,4
599147,3
1208911,0
362079,2
390644,3
598823,2
389353,0
1236603,4
388024,3
20784,0
107440,2
675542,2
335330,2
16125,2
1246590,2
599448,4
599969,0
362320,2
675487,0
546955,2
95331,2
362969,4
472847,1
674321,4
596058,2
643528,1
643694,4
590027,0
1550232,1
643898,1
362815,0
390128,2
1064662,2
675535,2
472685,1
674093,1
642675,2
362081,2
1065257,4
599694,1
391511,4
596138,3
387637,1
546874,4
14395,2
1546006,2
391585,3
390205,1
391813,4
1236411,3
1567601,2
300614,0
642190,3
1065382,3
1212618,1
595162,2
642630,0
15870,3
16032,1
675282,1
598917,2
546669,0
19881,0
16227,0
643633,2
336055,1
600069,4
674999,1
473527,2
597962,3
641818,0
15243,3
598932,3
1065363,4
642040,3
21534,3
673670,4
361750,2
1212847,2
1064885,3
12195,0
598454,1
12361,0
590337,3
108452,4
391096,3
391566,1
107429,3
675158,0
473740,3
594847,1
361807,4
473150,0
590161,0
599950,4
595880,4
590840,1
546196,0
335390,3
546264,1
597934,4
675238,1
20692,4
387841,0
595359,4
594702,2
546332,3
336133,3
389736,3
107763,4
107240,3
300700,1
1516430,3
599765,0
598525,2
542602,1
542561,2
596007,3
388070,3
389530,2
20434,2
1209218,4
473401,3
108319,2
590738,2
590283,4
1211152,4
16207,4
16000,4
1567619,2
363129,4
388874,3
595085,0
1236423,4
20475,1
1567667,1
596070,1
389211,2
599573,0
473761,4
361302,2
1236618,1
673916,4
642601,4
598960,1
300374,1
15134,2
643979,1
542672,0
542911,2
300049,4
107848,0
21614,3
1246694,3
597922,0
15592,3
16244,0
591653,3
301693,0
1211608,2
1065390,2
596049,2
545896,3
15948,2
363010,4
390568,2
391081,4
1065015,4
20354,2
1550182,2
642262,1
362078,2
391604,2
590640,3
546753,4
95208,0
388084,1
20540,4
20722,4
644103,0
336301,1
594381,2
95787,0
473573,0
388926,0
472694,2
362129,2
515550,2
21585,2
643309,0
599980,0
595843,4
473507,3
642335,4
15825,1
106889,4
1540846,3
15991,1
641822,4
473458,4
1209198,1
590862,2
390980,2
95110,2
594683,2
1211077,1
1540863,2
598120,2
595529,0
362617,1
1064763,3
591609,1
388246,2
362528,2
590614,4
591525,0
546036,3
15850,1
591294,2
642038,1
473671,3
107521,4
300354,3
599005,2
643972,1
594682,4
1209197,4
591739,2
21286,0
546461,0
388532,1
642123,4
545973,4
1236529,3
1549968,4
15602,1
388073,4
546887,4
675208,3
599651,1
389161,4
108288,4
106799,4
642077,1
1212747,0
334505,0
361696,2
389601,2
300297,3
542828,0
21143,2
1236674,2
300247,2
1555517,3
642177,1
389951,1
591830,0
391548,2
546983,2
598553,4
107781,0
301224,0
362594,0
546602,2
387321,4
96385,3
596023,0
107389,4
21431,1
598051,2
300585,1
20166,0
642618,4
390194,2
473799,2
595219,0
388826,3
20892,4
362989,0
107101,2
590375,4
590036,2
108300,3
20482,1
598747,0
336181,2
16053,2
642729,2
21139,3
599205,1
389903,1
20870,4
472568,1
642686,1
20780,0
472576,0
542683,2
1549388,1
1209053,3
674203,1
591672,1
362887,0
391287,3
12717,1
598549,0
642708,4
361252,0
96516,0
591605,3
599732,0
590021,3
95390,3
20367,0
600008,3
473384,4
641909,4
542629,4
595503,2
301546,1
335914,3
95813,4
108322,4
106824,4
19928,4
391739,0
598839,2
335455,0
1567680,4
389667,2
594905,0
473261,1
363148,3
20135,2
546864,0
736252,2
106886,0
595448,2
542562,3
642557,4
589919,4
390348,0
1550263,2
591021,4
390696,0
21362,2
642225,0
11810,1
390208,0
642201,2
387866,0
21007,3
598886,4
362255,1
643066,1
675105,0
391405,3
472946,1
14146,0
674172,2
21274,3
390470,0
299449,2
300547,2
596418,2
642114,4
598441,4
599987,2
299514,4
1211127,0
106635,0
600167,0
19876,0
599508,1
473653,0
595031,0
589584,2
106908,0
1211179,2
599081,0
599233,1
590222,4
546442,3
95353,3
14416,2
95607,4
542680,1
1555497,4
1567617,2
675609,4
598318,4
361801,2
95248,2
1212727,4
594657,1
1065621,2
335744,1
642542,2
20254,2
546269,4
1209028,1
641969,2
546699,4
1064644,3
546104,4
642737,3
642588,4
1212863,2
390471,4
363522,1
390832,1
599136,2
674326,3
596377,1
387350,0
13226,4
643545,0
362409,4
20893,1
336115,0
1064955,3
542327,1
595163,3
389096,3
595369,3
15501,2
472819,3
390370,3
19962,2
299947,4
388565,2
643743,3
1236503,4
15814,1
107869,4
106914,1
642700,2
674477,4
590279,0
300121,1
642918,0
361489,0
107467,0
1212881,1
596241,4
546704,2
21820,4
542688,1
387574,2
642219,4
13809,0
388617,3
95156,1
546608,3
336128,2
590693,0
108477,3
300412,1
19979,4
599964,0
390844,2
20151,1
391009,4
1065934,4
589740,0
95902,0
591554,2
590458,3
473473,0
389019,4
16335,0
20318,2
594385,4
643902,3
95638,1
1236582,1
1212888,3
599854,2
643232,2
95351,4
21648,4
643244,0
13380,3
674658,2
595575,2
336334,2
336294,0
595155,1
598649,0
1236641,0
473446,2
300664,4
643502,1
1212920,2
21297,3
675051,1
1211095,2
1208955,2
96526,4
390200,4
96046,0
545920,3
15060,0
12686,4
107203,0
595250,0
542555,3
595473,0
1546005,1
595264,3
391446,0
20113,1
591289,3
363656,3
16160,3
1208922,3
21427,0
599636,4
590893,3
643721,1
388322,2
1236608,1
363387,1
472930,3
107073,3
95472,0
594769,1
107991,3
106855,3
674133,3
300342,0
362292,0
14451,2
361339,0
1065277,4
1246733,4
594495,0
1545993,0
643893,3
334733,0
389121,4
13971,3
1064994,3
675165,2
596498,3
1065490,0
14360,1
1236408,2
515013,0
598924,0
13041,2
96419,4
590967,0
1212749,3
599788,1
542598,2
598333,0
674597,0
388460,0
673969,3
644048,1
389367,2
594498,0
546787,4
1208998,4
590231,2
21035,1
1550258,0
589998,1
590745,4
599085,4
736266,1
598468,3
599577,1
362789,3
107688,2
1212770,1
96566,0
389737,3
363570,2
95153,2
95537,4
16322,0
472477,4
96546,2
675655,2
644230,2
546979,0
472731,3
675490,2
594685,3
596042,0
675407,0
96451,4
473094,3
361309,0
591504,4
95611,2
642468,3
391238,3
641819,3
546051,3
644225,2
1549789,3
1246541,1
20483,3
14549,2
599540,2
362715,1
594844,4
106976,0
643010,4
1246547,0
597884,4
336276,2
643104,4
1236490,2
107708,1
389228,1
675159,3
390624,0
644023,3
107030,3
336095,3
391504,2
542340,2
301342,0
95164,2
642654,1
595596,3
335474,2
599717,0
591247,4
591288,3
590833,1
389772,1
15928,3
596460,1
20321,0
1065933,2
1318648,4
334537,1
674480,2
389943,3
546690,3
388161,2
388609,4
362720,2
675559,3
600131,3
590780,4
595921,3
1246643,1
363515,3
95495,0
13746,1
95217,3
19933,2
595774,1
362791,2
301157,3
675610,0
595367,2
591100,3
1212698,2
542381,4
301491,0
300004,1
590634,3
1246558,1
675210,4
15729,1
472618,2
12775,4
642619,2
644114,4
19902,2
20699,1
299975,2
21467,0
335293,2
1318647,4
473025,4
643185,4
1212652,0
335213,3
21216,4
643031,3
1555394,2
542703,1
1064599,4
95270,4
362288,4
391811,0
107081,0
595896,4
107382,0
542840,1
736273,4
674946,3
595468,2
300627,0
545882,3
546498,2
1550207,1
599621,2
363199,1
1540869,3
1212683,0
643370,4
599529,0
108032,4
15355,0
363215,0
390814,2
546258,4
389267,3
642841,0
1246813,1
96625,2
387354,0
21565,0
589808,3
674891,4
106667,1
1246742,0
736216,3
362156,2
642539,4
389150,1
107234,0
594927,4
20477,2
675270,1
107556,0
361730,3
20304,0
590277,4
108250,3
107007,3
12173,1
591093,0
590996,4
643691,2
336064,3
599476,1
590799,2
594616,2
546381,3
1246779,2
11679,0
1546010,2
1065772,4
1246741,4
16038,0
643058,0
598978,0
16270,0
1550159,3
12875,0
107405,1
546762,4
673929,0
546674,2
362503,4
1567791,0
599013,3
595199,1
642639,0
642369,3
299486,4
21501,2
12022,4
675645,0
106622,0
595047,1
1555614,1
334637,1
542334,0
1065098,3
595478,4
674917,3
598832,0
389833,3
594824,3
391399,0
674061,1
95954,1
299560,4
14430,1
389021,1
390628,3
20530,2
473372,4
19910,3
389713,4
594715,0
362110,2
542760,0
388618,1
363234,0
389989,4
546510,3
591374,3
362228,1
598793,3
642538,1
387292,1
599688,0
21447,4
542577,4
590834,4
1065263,1
391676,1
594491,3
96576,2
473798,0
644018,2
542881,0
591748,4
596196,3
473293,3
595516,3
107713,4
596155,2
1567590,4
594948,1
1065751,2
300252,3
390193,2
301483,4
674426,0
16308,3
1065809,3
596268,3
600061,2
1540908,2
95227,0
642521,4
643149,3
107726,4
1236436,4
642674,3
1236397,4
1212669,3
642428,4
362388,1
95597,1
106999,1
21102,3
389661,4
594627,1
14179,3
590923,0
1208965,4
516131,2
673761,2
674679,2
336257,0
595919,0
361253,1
546534,3
363036,0
546444,3
107575,3
542785,3
362442,3
362344,4
336013,4
599037,1
20923,1
590912,1
15773,4
107849,0
598641,2
387458,3
387284,4
388124,1
546767,3
362301,2
391793,2
389372,4
361580,4
590635,3
599077,0
16015,4
596430,2
19846,3
14642,1
301137,0
642212,3
106830,2
390810,2
591574,4
642565,3
391164,1
1550233,1
644259,0
643000,4
21568,0
301209,2
20759,2
362331,3
1064881,1
643032,0
595491,4
644162,2
107890,1
472878,1
594662,0
595559,4
388628,2
390962,2
300480,0
1065848,4
96402,2
363395,2
599838,0
675148,1
391619,0
96274,3
595062,0
21028,2
1065235,3
107083,2
641906,1
391750,2
599834,1
472800,0
390163,3
675503,0
95093,1
590197,0
546733,3
642941,1
542393,1
1246705,2
363789,3
389785,0
1212936,4
14392,3
388942,1
473242,1
598758,1
595099,4
13323,1
675486,3
387958,1
641877,4
391266,4
595595,0
391412,0
336309,0
14171,4
391379,1
1555611,3
107802,4
391289,3
473673,1
300637,1
107527,2
21162,1
595231,1
390414,0
599087,1
361834,4
13591,1
363193,3
107084,2
591334,0
362304,3
20368,0
390505,4
1212935,2
389814,2
16024,1
361883,2
16113,1
21125,0
641994,1
599648,4
96486,2
599970,0
595679,0
642655,2
301305,0
546060,3
96411,2
674085,2
542910,0
591211,4
598770,2
363721,2
363121,4
674952,1
391643,2
11729,0
389136,4
590064,0
15270,2
642056,0
589570,0
335089,3
388611,3
598925,2
674674,4
1246743,3
598615,1
21472,1
1212753,1
590479,1
13043,2
21101,1
1212706,4
1066013,2
598648,3
598691,0
596340,0
675502,0
644022,2
599595,2
335160,4
300489,2
388473,2
643785,1
299930,0
546156,2
546181,2
473228,0
15958,3
675412,3
675650,0
299764,3
361572,4
299312,4
388903,1
1246519,1
1236685,0
473783,0
594828,2
596398,4
642064,2
643671,1
391378,4
95467,1
599641,4
96515,1
299488,0
599106,4
16034,4
1208968,3
473399,0
21596,3
473029,4
591378,0
108062,3
598647,2
599754,1
542757,0
546552,0
591048,2
641824,0
20606,4
14952,0
390559,2
472926,0
107310,1
391330,4
736285,4
107434,0
1555456,0
642638,1
362323,3
96626,1
674456,1
591168,3
643670,0
644040,4
389631,1
595218,0
301064,3
363256,0
1516428,3
16327,1
389938,2
389216,2
591114,3
599321,2
643226,2
591461,3
1065853,2
674234,0
299605,4
20072,0
1064706,0
335210,1
334699,4
96587,0
362055,4
1236712,3
107995,3
363004,1
641985,4
598466,2
95826,3
1211227,1
1540838,1
473584,1
599242,3
1211086,3
362895,0
1246850,2
545908,0
389841,3
95753,0
362970,4
643737,3
300890,1
21681,3
389222,2
642754,3
14239,3
390583,1
1236700,0
391741,0
95890,3
106905,0
389851,0
473805,3
107661,1
642632,1
643122,0
599361,1
20731,0
590891,1
675303,3
21272,2
1236654,2
1555486,3
590521,3
1211644,0
589691,4
643431,3
1236631,3
1236613,0
643680,2
20991,2
599499,3
336105,1
300661,2
1065434,3
596393,0
389718,0
108433,1
590942,2
389087,2
361753,0
388336,4
673679,1
542437,3
472645,4
362729,4
1065096,3
517476,1
546614,2
546689,2
596325,0
675441,4
20817,4
1212844,4
389110,2
300826,3
14669,4
391144,4
300062,2
388341,1
390104,0
300779,1
107139,2
14267,1
546232,0
11863,2
546177,2
389484,3
598900,3
1550214,3
589834,1
96160,2
545877,0
596470,3
472550,3
107707,3
299658,3
1064908,3
599241,2
362962,1
1246847,4
1212731,0
472916,2
473314,3
1211181,0
642215,4
542336,0
546718,1
473753,4
20961,4
107352,3
595288,0
387717,3
546421,4
363055,1
96494,1
595079,1
594379,0
1516499,1
95197,2
390750,4
641930,1
598713,0
1246855,0
389854,1
641997,4
1236589,4
389149,0
95993,0
589735,2
599799,0
596394,3
390721,1
642507,2
596338,4
390366,3
591699,1
299990,2
108063,4
11776,4
597882,4
545923,4
335100,0
1567724,0
15073,2
21646,2
1567668,0
361227,0
546809,3
591235,3
591137,1
542375,3
390337,1
598253,1
19893,4
598597,4
21233,0
1555606,0
1236669,3
363469,2
299818,4
21243,2
95492,0
599583,0
387857,1
301207,3
595985,2
363435,2
641918,4
599112,2
15614,3
1555474,2
599222,3
546441,2
388598,0
1209238,4
15785,1
1211113,3
363684,0
590492,1
11691,0
542853,1
387418,2
589628,2
591184,2
542919,2
20472,1
300141,3
300336,4
594545,4
1516408,4
590250,3
674058,0
362601,0
598006,1
1065928,1
1212876,0
1212737,0
546756,3
1212599,1
675554,3
472824,4
361983,2
1567610,0
542679,2
335036,3
598287,3
390410,2
1246602,0
363269,4
95907,2
389197,3
20108,3
389653,0
108101,0
299283,2
15530,4
1236662,2
21068,2
389636,1
546383,3
598887,4
1236478,2
362627,3
546487,1
674266,4
107745,0
1549287,2
595867,2
643323,2
546891,4
1550177,3
95727,1
391397,0
472367,1
599848,2
643648,0
301177,1
546151,0
95561,0
335287,2
542974,4
96035,0
21672,1
20271,4
107790,1
599989,0
674115,3
362834,1
542329,4
15446,2
545987,1
590393,0
334521,0
1545989,0
16005,4
1064929,4
301479,3
387263,0
96166,0
594511,2
546739,0
335990,3
1567773,2
96644,1
389154,2
95056,2
362226,1
599906,1
95313,1
1065774,3
299606,4
19964,2
472745,1
674325,2
15743,3
15586,4
473011,1
546749,1
598742,0
1065689,4
16236,3
390978,1
13228,2
362738,3
546248,0
20124,0
362453,4
361700,3
95517,2
599168,1
95796,3
598022,2
542898,3
674114,3
1208999,0
363428,2
591757,2
335995,0
596378,3
363541,2
675608,3
361509,1
542305,1
20473,1
95115,3
108423,3
598271,0
643587,4
598334,2
595309,0
107110,1
299977,2
736276,2
675083,3
389635,1
388514,4
542720,4
1550238,1
361462,2
363735,3
21048,0
643606,2
390289,4
106803,1
14538,0
21182,4
598160,2
473619,0
596389,2
388250,2
642301,2
391464,3
362119,0
387419,3
1212869,0
21656,1
389645,2
387875,1
1065204,2
363164,1
363217,4
390422,1
387899,1
1065191,0
599265,0
590573,0
595349,1
95311,4
387459,0
598183,0
95897,2
473692,1
301544,0
643772,2
599875,3
14584,0
591407,3
542567,3
595238,0
591832,4
599257,3
594713,1
472623,1
388714,2
300652,0
675362,1
391657,2
391798,2
108073,0
334677,3
11972,2
675355,3
595934,1
595737,4
643213,3
95793,3
20727,0
545985,4
95421,0
1065659,3
95305,2
361389,3
472491,3
301572,2
20232,2
599334,4
736202,1
361735,3
12758,3
736307,0
595996,2
473714,1
643456,3
108082,0
14772,2
472432,3
390423,1
1226077,0
95471,4
674997,4
546848,4
591284,2
336121,4
95792,2
95994,4
20038,4
675665,1
387554,0
1516512,0
591667,3
95055,4
299703,3
590696,0
596290,4
336304,4
389620,2
336129,2
300870,1
643277,2
21564,2
108204,2
15056,0
21410,3
589845,3
641990,2
1246701,0
387713,4
363705,4
595145,2
391725,1
642699,1
596425,1
300523,0
472588,0
642564,0
391094,4
299462,0
335026,2
16257,1
641850,4
673996,3
300139,0
391487,2
363751,0
21366,3
390651,2
643116,3
642641,2
546541,4
598138,4
390846,1
13360,0
596038,3
387594,3
641811,4
590677,1
599503,0
300041,0
594972,4
545950,3
642576,0
300364,3
391387,1
96211,2
599027,1
1065748,4
546285,4
591689,2
96387,3
599975,4
299364,4
591411,0
302884,2
389378,4
599178,3
20346,0
644240,2
21223,0
301309,3
336185,2
591810,2
335782,4
595855,3
546866,2
736223,3
642662,2
390243,1
546583,1
391540,0
362866,0
387914,1
643826,4
1209044,1
387784,1
300078,3
363525,3
300257,0
643498,2
1246633,3
598670,4
107646,1
107847,3
16027,0
644044,3
600139,1
1212689,0
1065133,3
16201,0
591845,3
641940,4
599610,2
390829,3
15679,2
391298,1
596354,4
1065420,0
361644,1
591087,1
361824,3
336131,2
599403,3
595112,3
15601,3
336197,2
20238,4
595936,2
300082,4
15995,3
11891,1
1064521,2
362167,3
546136,2
643144,0
599512,4
96448,4
598859,3
16126,4
1567624,3
542439,1
336130,1
599345,0
389563,3
1236505,4
594876,4
1550164,0
642819,1
591655,2
108054,1
589666,4
300778,2
472795,3
363409,4
674634,2
642572,0
542625,1
388156,1
1211204,0
591647,3
13680,0
15927,2
361789,4
1236510,1
591350,4
597978,0
15855,1
736296,3
643422,0
362271,1
16155,1
20351,3
21283,3
95780,4
599947,3
596448,1
600155,0
300940,2
641951,2
598329,1
599628,4
95436,1
642211,1
591143,0
643770,3
473001,1
299343,2
590778,0
542843,2
21050,0
391439,0
21151,4
106934,1
642181,2
642570,0
107913,1
390224,3
391488,1
15720,4
1211614,4
1211640,0
1246836,3
96195,3
299980,1
12899,3
643346,1
363484,4
736257,2
546057,4
589832,4
1246851,1
600136,3
595223,1
387810,1
390167,0
589868,3
390747,4
591194,3
546225,0
542294,3
642907,4
473696,2
642354,0
591718,3
641961,4
595260,2
1550230,4
591590,2
362758,1
391357,1
336188,0
591480,3
598086,2
15750,1
473727,4
472687,3
599549,1
300452,1
642125,4
595121,2
389456,2
108064,2
642367,2
598435,4
546564,1
389443,1
387301,4
1236461,4
15663,0
596205,1
107591,4
391509,4
598487,4
643131,4
542497,0
21545,2
642869,1
107951,2
15857,1
361352,1
594881,2
13472,0
595392,4
642402,2
675209,1
15897,2
472385,2
388128,0
594425,1
546788,3
107330,2
13396,1
641779,3
106826,1
594629,3
20905,0
736243,1
362863,0
473655,3
13069,2
1236679,1
596163,0
542761,4
674922,0
363780,4
20551,3
95481,4
363425,3
595090,2
643077,4
589782,1
598702,0
643316,2
546230,3
391757,3
591398,2
21830,2
594885,2
363369,1
1236717,2
336151,2
1516485,1
387720,3
389191,1
472974,2
1064687,2
542852,1
1549926,3
643374,4
1550241,4
336318,0
644193,0
300625,0
642582,1
598298,3
1246530,3
95527,2
590467,1
591734,1
301022,2
362566,1
642612,3
546288,0
96403,3
95645,1
546274,2
1209215,2
19886,4
642264,2
591134,1
107107,4
106872,1
299587,1
542476,1
335999,0
641913,3
95512,3
1065054,4
1064559,3
21359,2
107098,3
391656,2
107807,0
595879,1
361770,2
596347,0
16334,0
1236474,1
363397,1
1246560,0
391418,3
362805,4
388118,1
300372,2
11993,2
644170,2
95511,3
362245,2
546862,1
95317,4
598885,3
1516409,2
542722,1
107657,1
108036,1
363589,3
362952,4
14352,2
391550,1
1065304,1
14406,3
675287,1
1065021,4
1236475,0
108479,1
96269,0
546889,2
1209212,3
674982,4
1236724,0
589609,3
473347,2
643952,2
1550174,2
14989,3
542387,2
391781,0
1065214,4
642868,4
643302,0
643975,4
596195,3
595228,0
361710,2
361665,3
106788,3
472340,3
598109,1
20556,3
388623,4
472574,0
20167,1
542547,0
1567666,3
95852,0
589728,2
15367,4
96480,3
515508,3
591557,2
391764,2
361595,0
644227,4
11950,3
20915,4
641807,0
1208913,0
675276,2
13437,0
675029,4
473549,2
1065310,3
1318615,4
399159,3
591019,0
591505,1
299870,2
590956,3
542636,1
591207,0
388954,4
300291,3
12448,4
591715,1
1236676,3
20391,2
1212871,1
643446,4
642606,0
595143,3
643240,2
643758,2
95696,0
301325,2
299948,0
299861,1
20263,4
542508,3
642750,3
600098,3
643171,3
20019,2
591512,4
472854,3
591640,1
362357,4
388858,0
1246814,4
644219,1
673999,4
361461,3
596457,1
107546,3
301003,2
546800,4
15074,4
674979,1
473697,0
106719,2
301147,2
335004,2
15709,1
599188,2
1065099,3
595407,1
387903,4
362555,0
673671,0
599894,1
361475,2
12348,3
675100,4
1065290,2
1212616,1
590203,0
1208875,2
96334,4
596200,0
1567734,4
472374,1
598740,1
642627,0
1065865,2
362671,3
362372,1
106628,1
590913,2
96017,0
96085,4
20788,0
387813,1
387719,2
1065016,1
598209,0
673877,4
642597,3
517448,1
600122,1
389159,3
362097,2
1567517,0
1246845,1
590473,0
598494,2
107451,1
1211103,0
20919,0
96406,1
391382,0
362701,4
642721,1
387348,4
16056,2
546880,1
596071,4
472387,4
599687,4
600023,4
96222,3
546579,2
599707,1
543003,3
13775,3
363101,3
387489,4
1208980,0
591508,2
300468,4
1236664,1
644131,2
546750,2
300791,1
674909,0
95230,4
546987,4
96299,2
361324,4
107519,1
20643,4
596091,3
387756,1
674489,0
1208924,3
20409,4
597879,2
594888,4
16068,2
107297,4
15727,0
595954,3
542786,0
546137,3
515868,2
674471,2
642697,2
595159,2
642943,1
299429,4
13395,0
589854,0
95053,1
21122,4
21697,3
95683,0
300189,1
390466,2
642672,2
96611,3
1212733,0
300119,3
1065727,1
96553,3
335809,2
363318,4
591720,0
643120,1
391521,2
96492,1
643017,3
12625,4
598915,1
546446,3
108405,2
217388,4
12860,3
641939,3
390904,1
389536,3
674994,3
1236497,4
599501,1
301130,1
1211641,3
1209185,2
595080,2
13662,2
96522,1
95307,0
598041,3
389333,4
600176,4
642340,0
675075,0
299995,3
1209014,0
596478,0
15804,2
594924,4
363374,4
391099,4
1212867,2
595841,1
590774,1
362235,2
336296,1
594378,4
596308,4
643426,3
596203,1
20417,3
643310,3
590109,0
15828,1
591819,4
361733,3
336107,4
388975,4
299427,0
1208894,2
300204,3
21384,1
15031,0
542407,1
641800,2
1236611,1
1246559,0
15789,2
399149,0
107940,3
1555612,4
334778,1
546876,4
391208,3
595723,3
596067,0
16077,0
589598,2
1064931,2
299404,4
674797,3
19850,3
95412,3
595201,3
361514,1
598295,3
675224,3
362686,4
15853,2
21388,3
1212859,2
106987,3
594481,3
1064942,0
1236500,2
643632,1
361823,3
20040,2
591418,1
95259,3
20085,0
546437,1
106636,2
590864,3
642578,4
15860,4
390347,0
96200,3
95551,4
673711,3
336136,3
390141,4
389173,2
391609,1
361480,2
1236501,4
542939,2
96552,4
387387,0
1211122,1
642427,4
596387,1
108490,4
1549345,4
595695,0
595992,3
299914,2
546338,2
675269,4
591396,3
473829,4
362265,2
595161,0
644173,3
595265,4
542728,3
106831,0
13135,1
542719,4
594419,0
391595,2
363734,1
390633,4
361337,4
21369,0
95681,1
363272,3
361723,0
361752,3
389925,3
1246548,0
1236642,1
390811,1
674681,0
21345,3
107313,2
107062,3
546144,3
1549270,3
590234,0
642019,0
21598,1
300128,3
542514,3
362984,4
387314,1
108387,4
590488,3
675555,3
595110,4
595097,2
363338,1
12253,0
516136,4
13236,3
542854,2
675295,0
1065023,2
95346,3
595827,1
598223,2
1064831,4
1064571,4
644076,0
590807,2
642069,0
1212946,0
336194,2
542695,0
390097,3
595816,4
591463,4
600068,2
546817,3
542820,2
391522,0
675091,4
1209042,1
107124,2
391597,3
336215,2
643281,0
599068,0
1567595,0
390835,0
595126,3
1567762,0
590244,4
362050,3
642014,4
674034,4
642189,2
20525,3
596422,0
594772,1
95781,2
389815,0
1246546,2
391823,4
644157,1
590539,0
106755,1
590934,1
16008,3
1516394,2
96376,4
674432,4
591259,2
1065085,2
1246832,0
1065185,0
12465,3
1318632,1
643698,3
19945,4
107864,4
542541,2
390363,0
542472,3
642508,3
673785,2
642836,2
472993,3
1236419,2
643282,1
362347,4
391303,4
16140,2
11779,0
20406,4
335207,4
14121,1
362463,1
546413,4
106997,3
387547,0
106980,0
641980,0
362908,3
388504,3
1065415,4
674307,0
598985,4
107728,4
1236413,3
363145,4
362559,0
674220,4
542659,1
1246535,2
598666,4
361643,3
546040,2
599467,3
600242,3
21706,0
363524,1
363304,0
542319,3
1516426,1
594421,2
644256,3
594867,1
389513,2
642018,4
336280,0
388920,0
391747,0
1246607,4
546353,4
334809,4
641897,2
106944,0
472702,0
14753,1
361371,0
335530,4
20777,0
387718,0
1064642,0
96371,4
599966,1
13800,0
108081,4
95647,2
16250,0
388526,1
644002,2
14135,4
546565,3
542411,4
361379,1
1065226,2
600204,2
591352,0
389637,4
95923,4
598394,2
643754,1
389020,4
473608,4
1064556,3
597870,4
642425,2
591596,4
591391,4
590656,0
15883,3
390646,1
545873,3
390876,4
389811,4
389447,2
599226,3
14926,0
362020,2
14520,1
107181,4
675422,3
96483,0
591043,0
1246675,2
675227,3
20889,0
542738,1
596103,4
542903,0
15907,0
673812,1
19984,1
95359,4
673927,3
643463,3
107261,0
675621,4
361852,1
15264,0
546439,1
1065944,3
361240,4
642656,3
15628,4
96368,3
388080,3
389749,2
20444,4
589574,2
590960,0
391057,1
595698,0
95330,0
600215,2
599099,2
20965,3
1212695,2
107569,1
643245,0
598699,0
591133,4
95842,2
473548,4
301203,4
387310,0
20795,0
391740,4
95556,4
642997,1
16281,4
590340,0
12656,1
388213,2
546755,3
472776,1
596104,1
1065951,0
334812,1
391691,3
675206,2
336248,2
108005,4
13482,4
1555405,3
15675,2
1246671,4
598830,3
675003,3
642364,3
108392,1
15947,4
96600,4
390822,1
1209200,1
108245,0
674852,1
546354,3
590382,1
600206,3
20518,1
96054,0
108023,3
1567746,3
598094,2
299661,1
362591,3
362683,2
643170,0
590549,0
1549940,0
595431,0
391325,3
595704,2
595580,1
335978,0
642393,0
589725,2
595166,3
642933,1
591790,3
96401,4
642644,3
300447,4
106789,4
598990,0
300348,4
595088,4
675580,0
95982,2
391184,0
95685,0
390408,3
95051,0
472357,2
361399,0
642116,1
15714,3
591074,4
301535,0
589645,4
16153,3
14142,3
643056,4
598145,0
361629,4
391710,1
389088,4
598081,4
472843,3
388029,3
299509,1
595732,0
542815,0
107162,0
336193,1
542616,0
21355,1
1550234,0
96534,1
599890,0
389520,2
599417,0
594718,1
597937,4
600146,1
472548,3
13332,3
594597,0
335542,0
21186,3
95570,1
1209019,3
596421,4
596168,4
736290,3
594559,2
362278,4
599328,3
20411,3
14817,0
391797,2
594736,4
590417,0
594699,1
390419,4
391479,3
589946,0
595747,0
599497,4
391699,3
20712,4
594726,2
1555535,1
674676,0
361576,2
642503,2
642422,3
387389,0
96510,0
473774,4
643265,1
12843,0
21547,3
642661,4
599992,4
643636,1
675525,2
675141,1
389613,2
597935,4
108192,0
643497,0
1208984,4
95863,4
95122,3
15788,2
546595,4
1065738,1
642704,2
642475,3
643628,1
96331,2
389359,0
1065105,4
1236488,1
391001,3
106996,0
391055,1
363196,2
96561,1
642637,0
20191,1
95198,2
675654,1
644058,1
96011,2
299494,0
1064712,0
21677,1
546326,4
595091,0
13239,3
674475,3
96224,2
21183,3
95049,1
472389,2
390476,2
472992,0
16197,1
387413,4
95128,3
642459,4
96398,4
362002,0
334746,0
301373,1
334693,4
1516419,4
20906,1
335786,0
388296,0
674907,0
1516433,2
598073,1
1064714,1
590489,1
473700,1
472680,4
363001,0
1236487,0
14782,2
1208979,1
542463,2
16023,0
643517,3
1555570,0
591722,2
598316,3
642520,3
599767,2
598471,2
1549972,4
596090,0
673682,2
473234,1
1516500,2
362337,1
642251,3
673743,4
108355,2
1236566,2
642568,1
391170,0
675177,2
362222,2
390215,0
642467,4
542620,3
472867,4
595174,4
599931,3
361359,3
598140,2
673918,0
598348,3
1567677,0
12428,0
472506,2
599434,4
673788,0
594988,1
546694,0
595751,2
542661,0
387449,3
21114,0
598346,1
13361,2
106964,4
361624,3
472417,4
599550,3
390513,0
591246,4
361234,4
643580,1
108269,4
387736,1
301506,1
389759,1
95177,1
599431,2
472858,3
643535,1
362270,2
596199,3
644026,4
21251,2
19899,0
1549360,3
108025,1
546216,1
388669,1
641948,2
1212590,4
20928,0
1211104,4
21343,4
21333,2
391620,3
675114,4
389586,0
598797,4
390013,3
391580,2
391651,3
391553,1
473020,2
95588,2
472738,1
361400,4
20457,0
363517,3
591549,1
641902,2
1549846,0
14787,1
362375,4
14026,1
20542,0
589801,1
1550157,0
390372,3
96456,2
473136,1
644160,0
643974,3
1550195,1
299307,1
590419,3
363427,4
596300,2
591329,0
644011,0
473762,2
1236633,1
390121,1
363406,2
1064912,2
473221,2
362207,1
590826,4
642725,2
1065932,1
642781,1
108065,0
389684,4
387634,2
595551,4
96579,1
1064998,1
106943,0
299651,0
516282,4
594882,0
95430,2
15829,3
546113,1
596100,2
19883,4
1212945,0
1246698,3
107602,4
1246808,1
594670,4
590272,0
590099,1
542572,4
642236,0
596256,1
591313,4
391177,4
387596,2
362414,0
599025,0
107180,3
473806,2
15733,1
390884,0
14497,2
96393,4
598181,4
473416,4
13634,1
1208890,3
673993,1
388274,3
1516431,0
389827,4
300132,1
362788,0
107247,0
599974,4
599430,4
594661,1
643420,0
594570,2
1236668,4
391608,2
599075,2
362253,3
589736,0
389385,2
336139,0
643428,2
108264,4
20317,1
589945,1
362481,0
20141,3
1211189,3
515599,4
472349,4
389677,3
643683,4
107164,0
643227,4
362783,1
473495,0
643132,0
589734,4
361256,0
675094,1
594967,3
642303,4
546108,0
546134,1
594398,1
1604362,2
590160,1
391359,1
590712,0
361759,0
299402,2
301564,4
1211143,1
95374,1
736230,3
1064665,2
590616,3
1246637,2
106848,4
591466,4
591356,0
15845,3
599407,0
545995,2
546138,2
736236,1
96536,3
95991,1
595914,4
642773,2
301095,3
107345,2
590278,4
1211192,2
387819,4
391773,2
589830,3
13826,2
643640,2
546152,0
472566,1
595652,2
388320,0
674339,4
335044,1
12111,2
363310,1
542517,0
335043,1
21602,4
674885,4
361375,4
361761,1
643999,1
301346,4
95096,2
736201,0
108136,2
644108,2
591656,1
595750,4
16247,0
13713,0
361346,3
96255,2
675615,4
389465,2
590184,1
108051,2
590362,0
599204,1
20701,2
301124,0
14073,3
1246826,4
388972,2
96238,3
107254,0
21593,1
1549294,0
391471,1
387752,1
473776,3
16321,4
300221,3
473546,2
591128,4
675430,1
641854,4
388401,1
545929,2
21040,2
642436,3
674365,0
106904,0
11638,3
20807,0
21338,3
390056,2
96123,0
1246588,1
674026,3
361911,3
1246640,1
546231,2
1209183,0
20687,4
362607,1
363647,4
96088,2
736258,2
108029,3
21494,4
336152,1
590932,3
390520,0
595092,4
19942,0
642241,3
301139,4
674506,1
599771,1
542378,1
599155,2
362522,0
473093,2
95273,2
542838,3
107961,2
675546,4
336340,4
16296,4
675649,3
598700,4
389781,4
300254,0
546384,1
95205,3
16313,4
19951,1
1545979,2
599850,4
361500,3
736197,0
96118,3
108473,0
96421,0
16118,1
363346,1
300982,4
599899,4
335745,3
596416,0
300232,2
642668,1
1545995,2
589800,1
300208,2
1064544,4
542868,1
546884,3
20553,1
336085,4
1567644,2
300877,2
361333,0
542449,3
642579,1
1064974,0
598415,0
390412,3
361378,3
600042,3
590224,1
600232,0
542790,1
108340,4
301591,2
589631,2
1065892,0
391324,0
390149,3
390129,3
107773,4
644134,1
642416,3
1516418,2
20153,2
300175,3
546253,4
15943,2
1064606,3
674201,1
389958,0
595154,3
589739,3
106811,4
642008,3
542862,1
546760,1
96143,4
596443,1
107810,3
362797,1
106932,2
599117,0
600259,1
643095,2
95423,1
301428,2
15662,4
301269,1
644081,4
20196,1
1246537,1
389200,3
389966,4
20581,0
1550259,0
596380,2
107426,0
15626,1
596013,0
1318630,1
675064,3
20337,1
361655,0
643530,0
472379,0
643007,1
15894,1
300930,4
641904,0
1064838,3
1550138,1
472891,1
390040,1
643596,0
1065344,2
642807,4
20802,1
299752,4
472635,2
546432,1
472594,1
95944,1
643142,2
107470,3
95606,0
335022,2
595701,2
591005,2
590105,2
21252,3
390086,4
591261,4
674130,4
599590,2
15946,1
20348,3
591600,0
362474,4
599939,0
1550262,0
361281,4
390984,3
362525,1
643839,0
1064759,0
518119,1
16298,3
542619,1
546663,1
301297,4
643035,3
597939,0
391313,0
107439,2
388122,3
473767,1
362939,0
542438,4
546132,2
644052,3
13806,0
590248,4
642073,4
599706,3
388925,1
300352,0
334546,1
361886,1
546202,2
96383,2
1246649,2
546146,4
596062,4
217303,3
106734,3
363550,2
642016,0
1065709,4
363465,0
301273,1
598904,4
107703,3
362065,4
546440,3
108418,3
11685,0
19960,3
599985,2
597908,1
1065412,3
21336,4
542516,2
1065712,3
590504,4
388832,0
591358,3
590141,3
21026,1
19888,1
591004,1
472906,4
391721,1
674119,2
642646,0
361742,0
472840,3
546916,3
361804,1
595395,1
589675,4
107876,3
599481,4
1516414,0
95468,4
1516537,3
95065,2
642788,3
641839,1
546121,2
546707,3
675368,4
95844,2
1236495,3
546963,4
387962,2
362888,3
217067,3
391060,2
1208929,0
595068,0
335270,2
388569,4
472976,3
388105,2
675110,4
12013,4
546892,2
387937,0
20520,2
675369,0
336290,4
299466,4
643702,3
388115,0
362080,2
642664,3
675411,0
108110,2
96296,2
1065555,2
1211611,0
20053,2
675244,3
108385,0
595563,0
546617,0
300389,4
643220,0
362312,3
675194,0
21003,3
1065562,4
542537,1
590951,4
1208994,0
20931,2
107645,1
361474,0
106957,4
20187,3
387555,2
641938,0
335058,4
546222,0
643020,1
96560,4
391652,1
108061,1
595069,0
644004,1
643008,3
674844,4
361632,4
591205,2
598258,1
642027,0
95087,1
594486,2
675325,4
599445,4
21761,2
334570,3
591034,2
473005,2
542936,2
14498,2
1567656,1
644159,3
591458,4
473795,1
361563,1
1065917,1
108243,4
300691,4
95612,2
1065686,4
391151,0
15885,0
391463,1
542487,2
388807,0
107689,2
595771,4
472995,2
96578,4
598388,4
388034,1
599484,0
1209046,3
362076,0
598216,1
473695,3
599810,3
644262,1
596407,2
591282,4
675097,2
642560,2
389193,2
643481,4
303463,1
594981,2
472346,0
13120,0
595593,1
1064873,2
642736,3
542818,3
473431,4
390417,3
1212757,0
362152,0
13953,3
594694,4
1064647,3
546172,3
599369,0
597961,4
299347,0
300956,4
1065937,0
546093,0
595200,2
96563,0
391426,1
594516,4
390015,0
1246681,0
643355,0
591104,0
1209195,1
590043,1
387295,0
13114,0
20242,3
95563,1
20939,3
390897,2
590187,3
1246657,2
643482,0
674146,1
546961,3
16098,2
15436,4
388484,3
391142,4
389895,0
642298,1
106683,2
391807,3
107292,2
21540,4
362894,0
1246763,1
12127,4
596043,2
335233,4
542960,4
595949,4
1064696,4
361239,2
391667,1
642261,2
95355,3
675521,3
642087,4
1065109,0
600191,1
106624,2
21635,1
300765,1
1246720,0
643579,2
11743,0
599161,3
642573,0
107891,4
108188,4
300029,4
299516,4
599594,3
107191,1
1236561,0
546207,3
299355,2
334502,1
301319,0
1212674,2
387512,3
591431,4
1065957,3
16059,1
599827,0
546627,2
12082,3
595422,2
362362,2
594514,3
590526,2
591185,2
20681,4
14856,1
334494,0
643669,3
21403,4
362820,4
301200,0
389498,3
598036,3
590875,2
591820,4
390005,1
546743,3
391032,3
473229,2
108030,3
389639,1
590242,4
643135,1
1555583,4
1318628,2
362762,0
642061,1
106963,1
595697,0
599273,1
591241,4
336254,0
13638,2
21526,1
1555574,2
600158,2
390462,2
299374,1
644165,0
1065619,4
390922,0
391786,2
594471,3
12016,1
14887,1
15765,0
642030,4
644117,0
388098,4
642012,0
95201,2
1064654,0
594591,2
472842,1
642865,3
335771,3
391447,0
590457,3
643909,3
1246550,0
642090,2
596309,3
1065246,2
596178,4
643774,1
21595,3
598148,1
642978,4
20544,2
391491,1
546588,2
1567781,1
1516441,2
675550,1
108397,0
1064735,4
599138,3
546149,2
591712,0
95579,2
361466,0
594431,2
391809,2
473656,2
643776,0
391451,0
591238,1
20980,2
14684,0
643687,4
473132,2
390445,4
546365,3
20398,3
300859,0
390761,3
643753,2
21456,0
643351,0
643343,1
542674,2
546117,2
363543,1
736234,0
362705,2
643973,1
335667,2
591814,0
390473,0
299819,0
362562,2
642791,4
1209199,4
96176,4
20936,4
598168,1
362784,3
595409,3
473310,2
391523,3
13951,0
20599,3
95539,1
391576,0
674486,4
1567578,1
335209,4
644073,1
107541,2
473297,0
675135,3
217045,1
473402,4
674925,3
361875,1
596230,2
108038,3
591446,1
1065347,2
14820,4
642026,2
301115,3
390969,4
598496,2
674123,1
15939,3
361254,1
390522,4
594459,4
389751,3
387696,1
546420,2
96607,2
675404,2
96521,2
598151,3
546303,4
1065657,3
644071,0
1064863,0
21335,1
1246629,1
1208889,0
1065964,3
389171,3
391562,1
389614,2
542372,1
546648,1
473646,4
362480,2
108447,3
594678,1
675489,4
595544,4
473780,4
1209002,4
361994,1
643460,4
300804,1
473161,1
387505,3
591669,0
336046,1
96304,3
95143,1
96185,3
643631,3
599180,3
302619,4
599718,1
1246730,4
21392,2
643206,4
546296,1
335517,2
546985,1
542303,2
96161,3
642450,4
107520,1
20943,3
15772,4
108066,3
643656,4
546965,1
21098,2
642113,0
1064764,0
542668,1
546205,0
1236523,1
473299,1
15810,2
644054,0
107915,1
390558,2
299867,3
299503,1
675599,1
473773,1
674733,2
13997,4
515681,1
299859,1
591453,1
641890,2
361457,4
546046,2
335569,4
387908,2
20586,3
642396,1
595257,3
599924,2
546533,0
642609,4
598292,4
1209043,3
106703,3
596450,3
1064943,4
546519,0
387406,4
361583,0
675592,4
15674,1
96221,3
363230,3
599545,3
598322,4
391751,4
16172,2
390191,3
644010,2
106662,4
96465,3
108369,2
595903,2
20865,2
643875,4
334417,0
594582,3
546812,2
542551,4
1064882,0
546453,4
644253,3
389464,3
20343,0
595342,2
600276,2
473055,4
515130,4
1212916,4
590274,2
387591,3
542482,3
1064516,2
673948,4
106955,0
388396,2
1236698,2
599795,4
674962,0
300939,2
362690,0
107702,2
589984,4
96028,0
362570,4
15639,3
388157,3
362264,2
108248,4
642898,4
16128,2
642095,4
591159,4
1236646,1
642931,0
546077,0
1549321,0
391310,0
389501,0
546199,3
1065318,4
12447,3
13357,0
96384,4
21170,2
20182,4
336112,0
363363,0
299628,1
391043,3
20126,0
335504,3
598665,4
217386,3
642002,2
1212765,2
20493,0
388143,3
1236443,1
675534,2
390916,1
11763,0
20347,4
546772,0
472342,0
472739,3
391036,2
388333,1
96113,3
545994,0
643140,4
542913,0
542797,2
594664,0
15661,4
361303,3
546368,1
542756,0
517520,2
361467,1
596444,3
643278,1
643775,4
589899,3
299597,3
20121,2
299528,4
1064585,0
15622,1
596286,0
643525,3
391501,0
389805,0
643514,1
542976,2
594399,2
542658,0
335694,2
363066,3
674449,1
598464,1
642237,2
362777,0
598814,0
361361,1
95243,3
542650,3
15552,2
595120,3
1209004,2
96105,2
13654,3
546122,0
542391,4
1246565,0
472382,3
590538,2
1209194,3
598771,2
96010,1
95555,0
107114,2
643437,4
473186,1
334731,0
96470,4
1065556,1
13325,1
106810,2
390518,0
361832,2
644166,2
590922,4
542399,4
596187,3
107126,0
472426,1
673756,1
108234,3
643349,0
736267,1
15391,4
595202,2
642474,3
388616,2
362905,3
674617,3
107491,3
642815,0
387754,0
389404,3
542545,1
1246788,4
387778,3
390725,0
594517,0
545957,0
107944,3
1516466,3
361981,4
590196,1
362682,4
542758,0
387716,0
1208975,3
1212921,3
361921,1
546277,0
389527,1
594766,4
389307,1
642252,2
642144,0
642472,3
362063,2
1516518,4
16242,2
642208,3
335941,4
363034,0
642034,2
644085,2
736269,4
591515,2
675299,1
591115,3
546900,1
95862,3
675568,2
599612,4
1550260,4
11718,3
391717,2
362429,4
590926,3
546411,4
1246745,3
388898,3
107457,3
389448,0
21605,3
589935,3
387997,2
299412,1
600111,1
642666,4
1246754,2
391136,3
642066,3
106906,3
300516,1
473079,2
19967,0
600270,2
472973,0
334548,0
590851,0
542475,0
542811,4
389873,3
363670,3
390971,3
594917,4
643186,0
299992,1
363313,0
596119,3
95691,4
545892,3
599556,1
389495,3
643880,0
591542,1
300186,2
16209,0
21705,1
594791,4
390481,3
300153,2
596086,0
1236601,2
674596,1
542578,4
473705,1
391268,3
595664,2
546980,2
389165,1
599910,1
600223,3
363687,3
599891,4
675280,3
643653,1
390580,2
642157,0
389885,3
361959,4
595006,4
362883,1
590152,1
473526,2
16268,0
300510,3
599872,4
388663,2
95580,1
1549784,4
472873,4
20815,3
595362,0
362537,3
391217,4
1516407,1
16096,4
642289,1
594541,0
675397,1
362675,2
108247,2
590463,2
336206,3
595945,3
95571,1
301552,4
643344,2
15728,0
390059,1
590818,2
1065251,4
391394,3
591102,2
107154,1
643161,2
15334,3
1567605,3
390098,0
108026,2
595682,4
363430,4
389133,1
472391,1
595275,3
591195,2
643896,3
674824,1
96063,2
107622,2
591360,4
542613,4
21624,4
362985,1
591231,0
1212937,3
11653,3
600205,3
599711,0
12257,1
361941,1
596462,1
591778,4
363043,0
595232,2
1065009,4
473634,4
598892,4
390787,4
15296,2
736237,4
595344,1
16170,0
95732,3
589892,4
1246595,0
599611,1
362910,2
589656,2
21086,4
106666,4
542392,3
336134,4
388495,1
96138,1
674086,4
12114,1
594928,0
595476,1
21043,0
300025,2
599120,3
20559,0
1555462,3
473024,2
1065992,0
388184,4
546528,1
363290,2
106693,1
95186,4
95920,4
301103,2
472969,1
363459,1
21290,3
642356,3
107692,1
542817,4
11772,4
15634,3
391712,4
546698,1
1246747,3
20036,4
598084,4
106836,3
472697,2
594623,4
643211,3
95868,4
389719,1
598953,1
473688,1
598392,2
600187,4
361343,3
390805,3
641852,1
1212651,4
20926,3
16114,4
388698,4
599984,3
642937,2
598089,1
596232,2
391307,1
546316,1
1211162,2
108338,3
390719,0
643253,4
21424,1
390324,2
336093,0
16243,3
473445,1
1236706,0
590633,1
598785,2
1550201,2
643270,0
391542,3
590600,2
596362,1
301182,2
600283,3
595832,0
336190,3
642795,4
95771,4
387366,2
1211133,4
336258,0
546344,3
299971,0
13791,2
363429,3
1064952,3
16235,3
108268,1
388911,4
1545968,4
542973,3
95758,4
12499,1
675437,1
598706,2
389826,0
591479,3
600265,4
390142,0
388205,3
675494,4
591499,0
546521,0
362851,4
1212779,3
389721,1
598102,4
598220,4
363038,3
95620,4
95891,3
387824,3
473636,1
95322,3
1246700,3
96254,2
472498,2
546850,0
1212775,4
108287,0
595676,1
336205,2
1236431,0
542955,4
546514,4
542527,2
21154,4
590868,4
473240,4
16182,4
20763,3
361893,0
108383,3
300903,3
107377,4
675516,1
20274,0
642307,4
16132,4
334718,1
546041,1
11777,0
389104,2
542435,1
599917,3
362495,1
595850,2
642216,3
15956,2
546576,2
363334,3
643320,2
16150,1
1208991,0
589711,3
642387,2
1246791,0
674860,4
598213,0
595865,3
362406,0
96156,4
542711,1
391352,3
542870,1
1246769,4
1212649,4
95626,1
19998,1
1211215,4
95728,4
21294,0
21586,4
335876,4
673718,1
389493,1
594987,3
361250,1
107553,3
21612,2
1567645,0
336155,4
387254,3
389581,0
388515,0
589847,2
387646,2
95979,0
599067,4
1064870,3
599993,4
542409,1
473086,3
644056,1
388517,0
599031,1
300242,1
387606,0
675217,3
388695,3
390704,2
388369,3
1212857,1
391283,2
20819,1
643183,2
598313,4
595343,0
594655,3
388113,3
362044,0
20316,0
545961,4
589812,2
1246631,0
546807,4
590214,2
473661,2
1236620,3
1065687,3
390201,4
108465,2
388039,0
597933,2
642430,2
390228,2
643287,1
16260,0
16117,2
591628,1
591711,0
335224,4
1065527,2
301511,0
473037,2
595512,2
299940,0
642590,2
1246670,4
642497,4
361313,3
1567581,3
14126,0
387328,3
96189,3
591797,4
106839,3
390772,2
643279,2
363759,2
1212634,2
674409,0
95480,4
389612,2
107590,0
596114,2
1567737,3
13464,0
335661,3
595464,2
20972,0
387537,0
591645,0
362185,1
590641,3
300170,1
472480,4
642148,2
598080,4
1550166,2
644055,3
642458,1
363244,4
108122,0
473123,1
641834,3
644184,4
21623,3
542664,4
595520,0
336196,4
596181,2
361218,1
361763,0
598381,3
334635,1
599511,1
299857,0
21293,0
590997,2
598218,2
1555435,0
473219,1
107566,0
473794,0
336191,4
598701,0
363468,2
599979,4
598943,4
361641,0
545932,3
596312,1
95404,1
590189,1
1516402,3
389965,1
20190,0
389546,3
299799,3
107678,3
95894,1
20051,1
596202,4
644034,0
598330,3
299936,0
473158,3
600179,1
107675,4
1065314,3
673842,2
598358,3
21537,0
15569,3
21166,0
1064808,1
362609,1
387881,0
95306,4
336138,4
362599,4
600109,1
473054,0
334510,2
336141,4
674443,1
21142,3
15813,2
391730,1
589913,4
675611,2
300862,4
595895,2
641996,2
643970,1
543035,4
1540905,0
1567764,0
391157,4
644233,0
387638,0
542732,0
390293,4
642633,3
107239,4
107220,1
387279,0
546468,0
15549,3
106883,2
16341,3
595845,4
546696,4
390358,0
598556,2
1246811,0
675001,2
390756,0
361797,3
590097,1
472521,2
95883,0
391594,2
95500,3
13908,2
589567,0
1236585,0
1236525,4
20934,4
362717,4
388784,1
1065939,0
643190,2
674832,3
362256,1
11786,1
361222,0
546419,1
107813,0
20539,4
21189,1
95548,1
472658,4
391374,0
472613,2
15901,1
362661,4
641958,1
95967,0
1604350,1
1236418,2
334655,1
390782,3
96247,4
472433,2
596034,1
545919,4
591117,3
1065750,4
590819,2
642306,2
107489,0
1236632,1
643928,3
362136,2
675360,4
595179,4
596215,2
594499,1
1236680,4
12427,4
21476,1
594784,3
1549274,1
361338,1
674713,2
299724,2
389184,4
391077,3
472483,4
591732,0
642747,0
336268,3
107277,4
13813,4
642764,4
96447,3
595871,0
16215,4
16208,1
16148,1
546357,3
107393,2
595048,3
362801,4
472770,2
361404,3
389012,0
590715,2
301327,1
390130,0
598124,2
362279,4
361566,3
600091,2
107509,1
389294,1
675586,0
13690,2
674702,0
643137,4
16141,3
363319,4
674265,0
14600,0
596247,4
594675,0
95458,1
600003,0
107379,3
20087,4
674007,3
600177,4
390359,2
390164,1
675331,0
642642,2
472838,0
389246,0
362511,3
1236693,1
388547,0
363743,2
299308,3
590070,1
361211,3
1236531,4
362687,0
1208953,0
542601,2
390685,3
600217,2
108021,1
546387,3
301199,1
13879,3
675585,0
361272,2
595428,4
643913,1
20657,0
598248,2
599402,1
15694,3
299378,3
595214,3
299704,0
108091,1
473675,3
13925,1
302948,0
674502,4
595518,0
473505,3
21291,0
675513,2
590167,1
1212660,0
388601,2
107731,2
107958,3
106643,1
14668,1
16065,1
473369,0
16144,3
388043,3
362721,2
362070,4
643254,0
11643,4
363495,0
596179,2
96627,3
16061,0
542891,3
12122,4
599460,4
1212873,0
20376,1
595604,1
96152,1
599400,1
546197,2
1567748,2
362115,3
387990,0
599502,4
1236599,3
13539,2
107632,3
644116,1
643864,2
1567580,2
362321,3
1065968,2
20604,1
95851,0
600005,1
336150,2
595432,4
108455,4
594465,2
599451,2
590772,4
391028,3
472611,3
1064966,4
674961,1
546409,2
599510,1
108002,2
590098,4
546370,4
590887,1
599379,1
387897,0
642005,1
596445,2
390958,4
390706,4
362710,1
643395,1
590480,4
335607,4
1236549,0
16286,3
1065316,4
472897,3
362324,2
542348,3
15824,2
20707,2
389711,1
545874,3
1065345,2
598325,3
643697,2
19986,2
598260,0
598200,1
1065741,1
15669,4
542648,1
675192,0
642408,2
21254,2
1212631,1
591777,3
643967,3
336024,2
591705,4
546824,2
20405,4
362001,1
389450,0
643419,1
673737,3
643767,2
388486,1
336187,1
390664,3
389875,1
389605,1
1208971,2
96102,3
1212763,1
641914,1
361248,0
1246787,4
362624,4
596411,1
1550143,0
591787,1
16224,1
16256,0
108222,1
389799,0
473071,2
599295,3
107825,4
20451,0
595973,3
336236,3
387585,1
13758,2
388574,3
594806,0
641995,2
107767,4
643486,2
390749,4
21074,0
600194,0
642952,3
642308,3
16004,2
106885,2
1516486,0
1567614,0
596399,4
675308,2
95895,3
21109,2
598671,4
388654,4
1065743,3
1246693,3
1246793,1
642033,4
642903,1
542410,1
595446,3
643559,3
14629,4
1065165,1
542888,3
391687,4
300390,4
363621,1
387694,1
1212776,1
390638,3
95449,0
644172,1
95785,4
12623,1
361657,1
15598,2
20462,0
389221,3
675319,0
299943,0
335906,1
1246786,1
643078,3
675633,1
95599,2
641910,3
391436,3
391067,4
96233,0
300728,3
391507,0
96213,4
473793,1
95127,2
20393,1
595180,1
1211185,4
591639,0
1550252,3
598746,2
12368,0
361858,1
472907,1
472407,3
387843,3
543012,4
1065114,0
590901,3
1550194,4
591765,4
361587,1
546226,4
363293,4
546120,1
389857,3
642663,1
641782,4
1516446,2
599043,3
391309,4
335728,1
362458,1
15507,1
590464,1
300159,2
591127,0
1064637,2
472641,4
546878,4
600160,1
590644,3
542446,3
595786,4
387682,2
675577,4
543027,2
546004,0
590944,0
590128,0
96134,1
391183,1
389812,0
12280,0
107305,2
107503,3
596302,3
336298,4
472479,1
643672,3
108112,0
13790,1
361944,1
546130,4
599867,2
642782,3
16074,4
334826,3
391178,4
1555599,3
600245,1
675010,2
300901,4
642926,3
334879,4
95165,1
108335,0
21002,3
591403,4
673894,0
300599,1
108457,3
300506,1
542905,3
95214,2
15726,4
1236579,0
391512,1
595117,1
301099,1
643700,2
389393,1
20186,1
675119,3
642528,2
1246824,0
107338,4
546471,4
363473,3
675293,4
590145,3
595127,3
643601,2
643489,4
642256,0
591809,2
599693,0
644228,3
391749,1
594802,2
597976,2
387871,0
362089,1
643802,4
600214,3
95721,4
391478,1
14387,1
389846,0
472857,4
599432,0
361943,2
643749,2
594441,1
1065978,1
361290,2
1236624,2
595844,2
21561,1
361415,3
599804,1
15837,3
642432,1
363326,4
108186,1
595361,3
390038,1
473742,2
542807,2
361326,4
388661,2
643141,4
387715,3
361754,0
391584,4
108145,4
390934,4
95784,3
20571,2
391300,0
1065759,3
542816,2
361564,0
388210,1
473766,2
595273,1
387798,3
363475,0
1318637,1
599374,1
95181,4
15767,4
595847,3
675510,4
301590,4
362059,0
21360,3
675500,4
1208878,4
641858,1
362584,3
1555504,0
594538,1
595195,0
107923,4
598610,4
1212858,4
391470,2
361767,0
1246746,1
14702,4
299580,1
300567,1
362424,4
336207,4
596359,3
594454,1
594634,2
95200,3
20994,2
643130,0
15668,2
391785,0
590136,1
590353,2
363072,0
390301,4
1318616,4
542865,4
335336,2
107047,2
1246570,0
546569,1
299559,3
96340,2
363462,2
546308,4
389292,1
334416,0
1246848,3
106787,1
590860,3
591467,3
336231,1
363501,2
1545977,0
363013,1
21315,4
642916,0
107159,4
300470,1
643665,4
642224,2
15769,0
391080,2
11812,3
335313,2
300829,0
363787,4
675330,1
388703,1
1246526,1
600213,2
546322,2
1516400,4
95106,0
542596,2
108052,3
95818,0
390800,2
1211083,1
643455,2
472959,1
589844,1
361778,4
391539,3
598563,2
15319,0
595441,3
597888,0
361242,3
642457,1
590748,2
12189,1
362857,2
1516416,3
595348,1
96015,0
387332,3
336204,4
363377,0
594841,2
1246762,4
595700,1
545938,3
591130,2
362681,3
595229,4
598511,2
600157,4
388751,1
473353,1
1318617,3
21124,1
362630,0
387837,3
20305,4
598319,1
389085,2
361930,1
299529,0
542371,1
388995,0
595634,1
21321,4
591725,4
363027,1
361536,0
473380,0
107094,2
1545969,3
96610,1
299395,1
388646,0
598949,0
595765,2
300332,0
673884,1
391729,2
542677,3
107265,4
388137,1
595884,1
642863,3
542447,1
388132,1
546633,2
1318645,2
12894,3
391607,1
334440,4
389269,4
390093,0
546566,1
390077,4
96442,1
14543,3
217050,0
302029,3
390360,3
301244,3
11781,1
14743,2
590729,4
1212934,3
591421,3
388639,3
472954,1
362871,2
389335,2
106915,4
673687,1
590310,2
595583,2
363509,0
545936,2
596316,1
643923,3
596468,0
301300,3
1555448,1
674037,4
391588,3
361310,2
15990,3
675115,4
643488,4
591036,4
595710,3
361450,0
1236395,3
15899,0
107461,1
644237,3
301317,0
642187,1
675285,4
95183,1
107603,2
16238,1
599623,1
472947,4
642384,4
390132,4
598936,0
391360,4
675361,4
361813,2
107483,3
389205,0
20954,4
21507,0
595763,3
1236592,1
387860,3
675160,1
598741,2
1236491,4
107620,3
388064,3
642536,1
19958,4
362900,1
12080,3
96584,2
96078,4
642147,1
391684,1
643953,0
299565,3
361605,3
642808,1
388344,0
362764,2
599547,0
546488,1
95605,2
1540907,3
390404,0
21278,4
473811,0
599605,3
16104,0
546394,3
388400,1
300888,0
300404,3
20339,0
388788,0
363298,0
107568,2
107911,2
1318629,2
472598,3
1212824,0
299970,2
673861,0
390718,2
1209246,0
363329,1
21079,3
546881,3
363178,0
644132,1
107022,2
643371,1
472410,1
598497,3
95572,1
106709,2
362509,1
389807,0
1212707,1
387814,0
542981,2
334785,3
19982,0
15641,3
595508,1
546158,1
598342,2
361833,0
546247,1
674132,3
1550224,2
95394,4
21730,1
1065486,4
13981,4
546168,2
15760,3
595873,3
473708,4
391380,3
591502,1
363142,2
1550256,3
13458,4
600083,0
590370,4
1549355,2
1516491,2
473778,3
1064991,1
389960,3
674965,1
674507,3
596379,4
546536,1
362311,0
1211201,4
1236666,4
1555555,0
107317,3
1567767,0
387762,0
14355,1
335507,0
334538,4
15831,3
674849,3
12685,2
600264,4
1567622,2
14873,0
546612,1
13991,0
388908,3
363463,1
546840,4
361608,0
596102,1
642692,1
1246669,3
362417,2
473222,0
299682,1
1208883,2
21087,3
391460,4
301340,3
363466,3
1211627,0
542355,2
20412,4
599901,0
336292,4
596262,3
1567613,0
300509,3
363014,2
16149,3
1236600,0
301341,1
108376,3
1545972,0
674304,3
388709,2
542342,0
391734,2
387619,4
590560,1
389556,3
1064652,2
95933,3
299976,3
334469,0
389855,1
21153,2
1208949,4
336243,0
20399,4
107594,3
598078,0
361728,2
106880,3
390297,3
300828,3
388633,1
96277,2
542542,3
473115,3
596391,2
642250,2
20454,1
363792,4
1209217,4
546747,0
591490,3
1555615,3
643813,2
1246644,2
13256,1
599283,4
675414,0
21054,4
20481,1
95791,4
598517,1
595910,0
299905,4
1236710,3
96153,3
21448,3
590629,0
546229,2
642970,3
301051,3
95547,0
361376,0
643706,1
1555571,3
595198,0
363693,3
596261,2
1211629,1
675376,4
21078,1
598058,1
362389,0
595897,2
546478,0
546853,0
598527,4
591274,0
390728,3
598769,4
473707,2
301253,3
299390,1
96081,3
598505,1
21275,1
600154,0
590018,2
95498,0
473049,2
299594,3
300803,2
595904,1
391481,4
362542,1
300073,2
15643,0
388001,4
598090,2
736242,4
542519,2
590795,4
600255,0
362064,3
675638,1
599483,0
390207,3
299555,1
642975,0
642778,0
642311,3
362366,2
598628,4
389151,0
590086,4
1065322,2
361599,1
589947,2
334708,3
16318,3
334976,4
641917,4
596419,4
14484,1
643852,2
590673,0
1246844,0
546451,0
390459,1
389052,0
363581,4
642961,1
596010,0
361428,1
95964,2
391560,3
106786,4
1064888,3
598604,0
472695,1
1064725,3
598562,2
1550250,4
16285,2
300882,1
335445,1
106699,3
599860,3
597990,1
387526,0
107067,3
107842,2
1555522,1
20068,3
388559,4
363063,3
96173,4
1516480,3
388518,4
11948,4
596463,3
389768,3
108343,0
644190,3
363505,1
600216,0
389929,1
15796,0
674405,3
591157,3
546333,4
643098,2
1567584,4
1212739,4
387376,2
21653,1
389587,0
594589,0
107957,3
644248,0
1065141,0
20401,2
542958,1
389089,1
517404,3
16067,4
1550257,1
300308,4
675634,2
598613,2
108041,3
591262,1
363158,0
1567639,0
675533,1
391427,4
546539,0
591177,0
96215,3
108223,1
598537,0
15498,4
388638,3
1209018,0
19901,3
1555457,1
107153,2
387323,4
598602,1
598240,1
594816,4
546142,3
542429,4
1567630,1
20215,2
643396,1
675112,3
361679,0
674808,1
675021,3
546395,3
542985,0
1065961,3
599251,1
642972,3
472375,0
591553,1
334513,2
106751,0
335594,3
595988,3
1236459,4
590999,0
542893,0
362514,1
387827,1
363105,0
542633,0
391338,1
389521,0
643092,1
546526,0
644179,1
546311,2
599808,4
590289,3
598083,2
363251,3
20859,3
1211217,2
299535,1
599523,0
387686,3
335194,2
361701,4
362339,4
21729,0
13192,0
590205,3
388310,0
387447,2
14766,4
300084,3
389288,1
363753,2
546779,2
590883,4
595920,2
674274,3
336108,0
600133,2
361485,1
643315,3
599876,4
598870,4
363750,4
1550134,1
20231,4
95328,4
590529,3
96203,2
641929,0
1567634,4
600041,3
675162,2
387761,3
1208895,3
472541,2
19875,3
1064928,1
643358,1
1550243,0
594477,4
542972,3
589586,1
545947,0
388732,1
12947,2
390168,1
389245,1
599489,0
546112,2
363426,3
599704,1
335577,3
1065103,3
14870,0
16309,2
642592,4
643634,0
20638,0
388236,3
390049,3
15942,2
546096,1
595406,2
95602,1
300688,1
361639,0
107326,4
363181,0
1236445,4
15864,4
1065614,0
15094,4
675408,1
590870,1
388378,1
1246816,2
391819,0
361431,0
363003,1
644177,4
363115,3
1246815,1
1236647,0
387670,2
596079,3
389286,1
596029,0
362028,0
388758,0
599888,3
16354,1
13463,4
21346,2
595149,2
301279,3
391682,0
391242,3
473804,4
644106,1
589677,3
642078,0
643221,2
644001,4
108441,1
594898,4
674459,4
301098,3
598431,3
95915,0
14409,4
643495,3
1208926,0
107964,4
95840,0
362840,0
472462,2
590031,2
473603,4
334861,2
390803,3
107604,2
642235,4
95170,1
599244,4
675296,0
95748,0
20812,1
472727,4
590547,2
13052,1
598570,1
674254,4
390627,2
543029,4
596004,1
1567572,3
21522,0
363214,4
590303,4
594414,4
1246715,0
20325,2
300486,4
542842,4
95834,4
589954,2
598193,2
598999,0
546314,2
600024,1
387553,2
599663,0
391150,2
16079,2
14781,2
598300,2
107910,4
595821,2
642141,4
20425,4
96630,2
595775,1
643216,2
674488,4
96190,3
472949,2
389817,0
1236708,1
594539,2
590327,2
546701,2
643029,2
644072,0
595689,4
1064761,2
546234,0
389894,4
589776,2
107027,4
1211079,2
1236502,3
388996,4
675124,1
363741,0
390147,3
107614,4
1246587,1
546777,1
472507,4
644007,1
673697,4
389043,3
598048,3
363169,0
1208930,1
643943,0
390433,2
1065230,2
599288,4
12504,0
12418,3
1246827,0
301053,4
595792,1
591681,1
1065423,4
1516448,3
21461,0
391776,0
388421,0
597985,4
597966,1
107516,2
20974,0
299277,0
387805,0
362334,0
595397,1
108301,1
1064918,4
108384,1
594679,0
107766,3
1236554,3
542849,3
674809,4
595445,3
590432,1
599009,1
600271,0
1567648,4
334827,3
598603,4
21280,0
21663,2
96064,3
363689,3
95686,4
299877,1
390892,4
595853,2
598315,3
301041,4
675155,0
542522,1
299720,2
595499,1
596030,0
546597,0
675118,2
589637,2
389365,0
546763,3
641954,4
546821,3
643682,0
642825,1
1211108,4
590718,1
595776,4
1211203,1
391294,3
1236636,2
15686,1
300293,1
299780,0
299997,0
546265,1
335722,0
391582,0
643938,0
596357,1
21373,4
589809,3
387422,0
389424,3
674434,4
1236512,3
600096,0
1236684,1
598923,1
542666,2
674393,0
300847,3
362657,4
301377,3
107306,0
21633,1
589968,1
1065722,3
473542,0
361531,4
595489,0
107444,0
590877,0
600141,3
95371,0
362221,4
473523,2
1212684,4
1208982,2
1212925,1
643382,4
595261,2
336157,2
95218,1
107449,4
644016,2
594468,4
95546,2
596372,1
594768,2
334691,2
1236602,3
95676,3
599231,4
107064,3
20598,1
107224,0
590691,4
599650,4
361317,0
95435,4
546217,3
362550,3
388188,0
675294,3
542651,1
596473,4
674329,4
389356,0
473666,0
643269,4
1211213,0
595122,1
95594,3
644047,1
300137,0
1065407,4
1209225,1
336333,4
643541,2
19913,3
391794,0
361508,2
389431,4
600159,4
589615,4
598878,3
107950,4
1550172,0
363446,1
389728,0
674899,2
545983,3
591326,4
674167,2
388443,3
591385,3
642925,2
96259,3
389800,2
301578,3
644145,4
363015,0
96469,2
591632,4
11749,0
13171,2
95266,1
542576,1
108347,0
361344,1
390999,4
598131,1
643507,0
675111,0
1567790,0
594795,2
600059,2
362440,2
599873,0
641855,0
300346,2
107138,2
335578,0
642321,2
517457,3
472398,2
599566,3
335900,0
390611,4
641856,0
598530,0
643577,1
299578,2
591213,3
598837,0
300104,2
362200,4
600031,2
598660,3
590227,2
20464,2
390730,2
20233,1
590347,4
389028,3
472893,0
674215,4
362552,4
545941,3
674363,3
388284,0
108308,3
107000,1
644152,4
301185,4
96327,2
599911,3
20466,4
546164,1
599055,2
642908,0
598551,0
596000,2
1318642,0
362692,1
590849,0
674294,0
334585,3
675501,3
387726,2
19839,3
1212744,0
736208,0
591414,3
13583,3
598175,4
473638,4
599390,2
594761,2
643769,1
591822,2
96433,3
600032,0
674626,3
363408,0
388342,4
595727,2
389936,0
642098,0
595688,2
13894,3
546619,0
362104,0
598930,0
1567563,1
597890,0
642409,1
598909,1
1549801,0
106649,1
15490,1
300213,2
546511,4
674174,2
20941,2
642701,3
596341,0
1318638,2
15973,3
542877,2
1236476,3
546185,3
389427,3
21402,4
644238,2
545937,2
336168,0
107349,1
14071,0
108033,0
599698,1
388461,1
595793,1
643283,0
362775,4
643458,2
363042,3
1567711,1
546362,3
107357,3
15879,3
301326,2
599225,0
674649,2
389747,2
95231,3
11760,0
598355,1
1567686,0
20695,1
391414,4
542394,4
20106,3
96170,3
96182,1
1550136,3
95310,1
591631,2
1211087,2
300042,1
675223,1
599692,2
542886,3
643479,1
674873,4
108094,2
15776,3
542770,4
642608,4
594435,0
391703,1
472363,3
20624,3
363390,3
13832,2
299358,0
20173,4
598158,3
362472,4
336161,2
596315,4
390409,3
217164,1
595301,0
20717,3
591635,3
299894,2
1065386,2
362741,4
599597,2
589680,4
15230,0
387636,1
1065986,3
20882,3
643330,3
596395,4
106852,2
545910,4
95309,4
595190,2
13186,1
20772,2
95483,4
472977,4
1318644,1
589825,1
546661,0
542803,2
390738,3
390830,0
1236492,4
301009,1
1236407,2
596453,2
107888,4
517923,4
107860,4
1246617,1
14780,4
643228,1
96601,4
473487,1
362821,4
387933,0
1065309,4
1236667,1
1208881,1
598899,4
675328,0
642775,0
106838,3
589672,0
1246828,1
1208985,1
589575,3
335859,1
95649,1
13310,0
472525,2
20659,3
473006,2
674924,1
542749,0
96087,0
300830,0
473474,1
675065,1
546509,0
299747,4
363601,2
15718,3
542423,1
674428,2
673705,4
472804,0
96110,4
95312,0
642673,3
643799,0
600168,4
598853,1
20981,0
589690,3
598226,3
546414,4
1065051,1
642377,1
599868,4
1516488,4
644006,4
1064939,1
389126,3
108185,1
673931,0
15896,0
362377,3
361791,3
107858,0
388643,0
96050,2
391312,4
1211172,2
21137,1
600208,4
673773,3
675076,0
391407,4
600094,2
1246516,3
15977,0
335688,2
1212906,1
643727,3
1064722,3
20522,2
595813,0
600189,3
473351,2
95473,4
12334,0
95562,0
107427,3
643207,3
599534,3
20132,3
673698,1
673673,0
546095,4
15851,4
391552,4
590650,2
106878,1
300471,3
674787,4
301286,3
642317,0
595172,2
13886,3
300457,0
335922,2
334727,0
390851,1
363609,3
600123,3
591580,3
1209196,4
589850,2
95841,4
598252,3
591030,1
95491,2
14777,1
15905,1
13375,0
387481,4
591649,2
388259,1
335304,3
590252,1
336234,2
96192,4
389526,3
95090,2
644050,4
107472,0
12978,0
363279,1
643516,1
595842,0
20688,4
595801,4
1516412,1
596278,1
643291,2
299527,4
542874,0
95166,3
96466,2
391586,1
595662,0
542970,0
472827,3
108408,4
12840,1
389674,4
388323,4
20660,4
674567,4
20713,3
107324,4
598790,3
1555546,3
1065089,0
1236454,0
595374,2
599179,0
95924,3
390889,3
390181,4
590240,3
14917,3
642365,2
643081,1
362763,0
643067,3
362735,4
1211147,3
644000,3
642246,0
1209029,2
644203,3
596212,1
362909,1
388380,0
388981,0
591673,3
595703,0
595713,3
388173,2
300781,0
389374,4
591501,4
643023,3
642927,3
20686,0
473760,2
596320,2
674125,3
675671,1
643359,3
589987,2
107587,4
12555,1
596296,1
542693,4
300707,1
95304,1
20266,0
96638,2
642755,0
1212764,4
20752,1
95074,2
643271,3
643936,4
391515,3
107945,4
107363,3
20353,4
675268,0
1065467,0
390379,4
1549975,2
594388,2
362361,2
217256,1
362223,4
643816,4
362368,4
107092,2
472825,4
20350,0
598778,2
96172,3
299985,2
107626,3
641879,0
1065963,2
95674,2
591744,2
1212699,4
21177,1
15649,0
590590,3
362585,1
363572,1
596136,2
300928,2
1567623,0
300177,1
299387,2
1540890,2
21311,2
1567759,3
95207,0
472681,3
675514,0
546012,0
14469,3
20611,4
1236532,0
643941,0
599113,3
389260,0
15354,0
1065422,1
675057,1
95819,3
1065445,1
675565,0
1212738,3
642297,4
591045,0
1236394,2
472874,0
387907,2
15960,0
361782,2
600062,2
96431,0
95733,3
642714,3
599146,2
336306,0
591558,4
1064956,4
390973,4
107361,0
1246736,4
641927,1
736218,4
107407,2
1064760,3
598447,3
390799,1
1516455,4
1516420,0
641781,3
641876,0
334993,1
1065301,0
388367,4
16314,1
473687,2
95957,0
362178,0
1567681,4
362793,0
642928,0
390746,3
546245,4
20714,3
542956,4
542954,4
15515,1
14359,4
674953,0
16264,1
1550202,4
20268,1
1211214,0
388457,4
301235,4
20275,0
390968,2
362349,3
389656,0
643707,2
107967,1
21486,3
644042,3
335997,3
546021,1
598804,0
673720,0
675571,4
599320,1
598724,3
16049,3
643019,2
389554,1
595979,2
596263,1
596234,3
546789,0
1550206,0
1211097,4
1236537,0
591042,0
598564,3
590563,0
542330,3
95380,0
545998,4
362659,4
546957,1
595507,0
389900,2
20006,1
20278,2
1550229,0
473792,2
95722,4
546843,1
334517,4
361843,1
594750,2
390447,4
1064926,3
96157,2
598824,0
599197,1
388560,0
95265,0
600085,2
1550222,1
95552,4
472527,0
642849,0
334528,3
96346,0
675427,2
597919,0
594704,1
361504,3
599338,3
389798,0
335886,0
391532,3
388174,3
20021,1
20086,4
1236597,0
95701,0
674394,3
20646,4
642540,4
472801,1
387653,2
1212685,4
644239,0
95448,3
387763,1
546208,0
590530,1
107127,2
108464,4
675018,3
390382,2
1065157,1
596409,2
642535,1
16014,2
299298,3
598873,4
15618,3
361231,4
546842,0
1236584,3
20162,2
362133,2
542512,2
363725,2
391102,1
591625,0
388765,4
335987,0
590684,2
361969,4
335205,0
642399,4
301316,2
387905,0
106970,3
542708,2
299949,4
591456,0
95135,4
300647,4
301262,4
107120,0
1066024,0
1212636,0
598344,3
543010,4
107844,1
21459,4
595208,3
1208905,1
362773,1
591637,3
19971,1
642221,4
390667,1
1208925,1
388233,0
106621,1
389593,0
591178,4
12729,2
20728,3
542395,2
106928,3
473379,0
388117,3
599246,2
675511,0
1567642,0
95853,4
642676,0
15710,1
96554,4
594542,1
675410,0
643115,0
95291,1
95965,0
1065808,4
642846,3
643332,2
15509,0
472583,4
1236541,3
390683,2
643062,2
96197,2
590251,1
334970,0
594666,1
546989,3
643804,3
107078,3
389890,1
391258,1
391601,4
542916,4
643335,3
642473,2
642094,4
675339,0
598052,1
300169,3
596239,2
599094,2
20768,1
642776,0
546523,3
387915,3
589924,0
15633,2
362654,0
95377,3
595303,1
546078,0
1065875,3
590735,1
600055,3
590094,2
598796,0
473723,4
596402,0
389766,1
1246625,1
675591,1
362053,3
642464,0
107057,2
600241,1
594416,4
546025,3
472615,3
644057,3
546348,0
362684,3
391665,3
642821,3
1236682,1
1211196,2
674402,4
674622,1
12781,1
642455,2
546458,3
643593,3
1236526,4
594593,4
334813,4
594952,1
363567,3
591447,4
107592,4
642728,0
546822,1
387724,1
19919,4
21339,2
591629,3
388441,3
1065364,1
361675,4
546153,1
389899,1
674829,1
11665,4
591487,2
362523,4
12315,0
596124,3
362364,3
472516,2
96577,0
301049,0
590008,1
472894,2
598294,2
391788,4
595534,4
590984,1
387869,0
590553,2
599095,3
517334,2
589757,0
642854,0
546028,2
14282,0
590844,2
598327,1
363443,2
1065771,2
391179,1
300237,2
1065147,3
107435,1
1246678,1
643615,4
590719,4
546858,3
388389,3
642881,4
1065293,2
335469,0
12497,1
1236574,0
673651,2
390088,0
96574,1
595244,4
21792,0
390866,2
1555586,3
361472,0
299550,0
388790,2
1212720,2
599426,1
517229,3
598606,2
13839,1
391565,2
642804,1
1540901,4
643964,3
388373,4
96464,2
389380,4
594527,3
390928,2
388543,3
642025,4
13958,4
300083,2
96405,4
1065020,1
20212,0
599386,4
108179,0
472579,1
675036,0
674616,2
543031,1
389395,4
674062,2
598939,3
20230,2
675492,3
546306,3
473460,0
596344,3
1211613,2
1064949,1
1211157,0
598385,4
390199,3
643341,4
391220,4
391719,2
106867,1
590425,2
108468,0
546816,2
643609,1
95763,0
590003,1
335462,0
594925,2
1567596,4
361265,3
1555509,0
1064742,0
590482,4
674515,0
14022,1
1065615,2
736245,3
16080,2
542744,2
389797,1
472481,4
598108,3
546723,4
362186,4
642715,4
16142,1
642741,1
1212887,1
108135,2
21245,2
644243,0
1516435,1
19848,2
363413,3
300190,1
12849,0
591067,0
20754,1
20349,0
107167,1
106738,1
595956,1
362582,4
96032,2
95971,0
1064851,4
335773,4
546930,2
590486,0
599176,3
643337,3
594969,2
642702,0
599438,0
591166,0
387615,0
21382,2
96333,3
363357,4
107648,2
1064995,0
389959,2
362547,1
300584,4
546422,2
387426,2
472675,2
20989,4
674912,2
673799,3
1064951,1
473244,1
299499,1
390276,4
1549261,3
21008,0
643934,2
545958,1
473730,4
20295,4
390837,1
1550160,4
21082,1
335628,3
20044,2
594941,0
96139,3
1246616,3
472522,1
591630,2
387931,4
598335,4
15925,3
388648,1
546342,1
1550228,3
595645,3
594738,3
95692,0
388035,0
387704,2
1567685,4
545971,0
107334,3
387257,2
96590,0
1516457,1
1065127,4
389111,4
391249,2
590930,0
20642,2
675101,2
674688,1
675574,1
1567659,4
599801,4
95995,0
362653,1
363767,0
599472,3
15480,0
300549,1
599046,4
388456,3
15724,2
96257,2
95734,0
590002,1
95627,1
108150,4
390248,3
1236692,4
1065640,3
335983,3
16106,1
299263,3
472545,1
387421,3
595530,1
473112,3
390603,2
16108,0
641971,1
594506,4
95815,4
589822,3
107574,1
675641,0
20055,0
14806,3
675245,3
546371,4
108489,2
387996,2
643644,3
674039,1
472360,0
12117,2
108087,3
96471,0
107886,2
107033,4
1209010,1
301238,1
643871,4
595970,1
597881,2
546785,4
1246566,1
598274,2
641820,2
595699,2
361263,0
391376,2
472620,2
387848,3
387702,4
300337,3
363335,2
594879,2
598257,0
107206,3
362799,2
390320,1
590368,2
591842,3
642477,2
591173,2
472787,0
600040,1
335023,2
1065030,3
391590,1
16230,4
542999,1
21454,3
596396,2
13779,2
589595,3
391641,2
390494,4
388417,1
674690,3
387767,0
643361,4
600228,0
389791,2
106992,0
13309,2
95832,1
546393,3
591051,4
596383,2
595429,3
20431,0
108279,1
16001,2
589905,0
95188,2
673792,2
591687,0
542934,0
391462,3
643971,2
96019,4
594412,1
13264,2
599169,4
1545978,2
473484,0
643178,1
106899,4
95091,0
595186,1
675419,4
598994,4
589774,1
20109,2
1064988,4
21095,0
472443,3
16277,1
300105,3
387885,0
19940,4
387768,3
673783,2
594963,4
301068,4
590148,2
1567566,1
595986,0
1236655,2
473590,1
642151,4
107142,3
107054,2
15751,1
546682,1
1516502,4
363161,0
546259,2
21675,0
389896,2
21772,4
1211226,4
546810,2
107715,0
20694,0
15017,4
388537,3
16082,1
390861,2
599885,2
675374,1
390815,0
674165,1
643180,4
1246699,2
390819,4
363546,2
599358,0
106742,2
594427,0
674448,3
642913,3
20569,3
595456,1
1236657,3
546223,1
1065348,4
595733,2
388952,1
299928,4
107985,0
473448,0
107543,1
95662,0
20560,4
363441,2
391444,3
600120,0
597953,2
1549856,0
19898,0
1246630,1
643652,0
15384,4
594526,2
389101,2
107487,3
1236494,0
362706,2
643139,1
389005,2
600011,4
1549788,1
20022,1
96344,3
391760,3
336264,0
361478,0
594911,1
391524,0
642738,2
591550,3
546213,3
590281,1
1246757,1
642389,0
300645,2
391315,3
675630,2
600018,2
95067,2
390397,0
300392,3
594507,4
95507,0
391709,3
546496,3
673823,2
472895,0
675019,2
361233,0
674977,2
301066,3
542879,0
106688,2
362147,4
107710,3
389972,2
336314,1
1236604,2
599892,4
546654,0
545880,1
591578,4
1516516,2
641843,3
387817,3
596076,4
336041,2
21832,0
362946,0
674359,1
589730,2
95737,2
1211084,1
596267,2
1236645,1
19991,1
300461,0
590873,0
473566,3
1064605,0
299895,4
336201,2
390555,3
596253,3
106903,4
361244,3
642628,3
644039,3
106843,4
361588,4
642426,1
1064694,4
591427,1
596307,1
595993,2
108371,4
596068,4
1236588,4
591388,1
13029,0
96266,1
300196,1
391070,1
598417,0
472670,0
107555,1
1236402,3
596319,1
391630,2
20774,3
591275,2
1550179,0
21500,1
95450,4
334445,3
598515,4
362434,3
20234,3
391467,1
1516469,1
108127,2
362603,0
542324,0
591293,0
13194,4
542859,1
96569,3
15697,0
21509,1
590332,0
1211123,1
16131,0
472849,2
674838,0
13484,2
546125,2
1211195,0
594676,2
1212898,0
301163,0
362807,2
15695,2
546160,4
15374,2
15819,4
106763,2
596246,4
301329,2
362329,0
388506,2
15635,3
387822,1
596180,2
95768,1
594946,3
1555386,3
96555,1
300418,0
595849,4
546946,2
591735,0
642706,2
388863,4
301401,1
361636,2
390637,2
20377,3
388857,2
1208995,1
473763,2
596326,1
591682,3
299418,1
390741,1
106665,4
1540926,1
641786,1
387558,0
95212,4
391389,3
546734,0
361403,0
106761,1
387981,4
389388,1
600278,0
363774,0
642341,0
472896,2
20511,3
389305,0
546198,4
388239,4
598681,3
107029,1
643467,3
96429,2
546473,0
15840,4
595019,1
95974,1
542932,0
15884,1
15187,4
390733,4
674887,3
15206,2
96541,1
542306,4
675640,3
594799,1
542809,1
598788,1
594488,0
642021,0
301323,0
96275,1
390563,1
473155,1
1246663,4
362959,3
1209240,3
20235,4
643624,1
1064721,2
300241,4
641795,4
362823,1
20070,3
106782,4
108071,4
107973,0
108069,1
591285,4
473524,3
20744,0
361900,0
591642,4
13616,3
1209033,1
643894,1
107386,4
472705,1
643377,1
514995,2
591784,3
20211,3
21266,1
591692,2
644167,1
20758,2
1555424,2
106698,4
391469,0
641893,4
599833,4
591331,2
1567562,3
389065,4
21606,2
595319,1
388850,4
336319,2
336001,4
300136,4
595557,2
598866,1
591413,0
594444,3
362678,2
643387,0
389198,1
95639,0
361532,4
589743,3
596121,3
591203,2
594579,1
599728,0
598384,3
673862,4
387733,4
107717,3
96511,0
591671,2
675232,2
595098,1
590767,0
95187,3
16035,2
1065487,2
641823,4
95874,4
390940,4
546167,2
594819,1
642085,4
15923,0
1064878,2
643591,1
390557,1
14654,4
335998,3
473681,1
391051,0
300952,3
643958,4
387850,4
598998,3
107133,4
542417,1
643266,2
391767,4
16210,3
1209038,4
642981,3
106888,2
642932,4
301314,4
591026,3
20009,4
1246713,4
473403,1
545897,2
388556,4
472529,2
675604,0
473058,0
598413,1
95833,2
12268,3
95532,1
598608,1
106695,3
389112,0
473012,4
590716,3
335633,0
108015,3
595259,3
388739,3
107086,0
21617,2
591346,3
589959,2
362094,2
389237,2
644125,1
598675,3
642523,0
1064613,4
95444,0
590028,4
546337,1
1246833,2
15842,0
642284,2
600253,3
589708,0
546915,1
642571,3
542560,1
546664,2
361980,1
472474,0
643817,4
641956,1
390091,3
15138,0
13389,2
473538,0
95163,3
361497,2
642902,0
598984,2
96540,4
1066003,4
473456,3
542904,4
1550199,4
599844,1
591415,2
1064754,2
1211619,3
1567708,3
108362,0
600174,0
599373,3
387672,0
362363,0
516444,0
16183,2
96382,4
643886,3
15967,0
388507,3
107430,1
301372,1
643492,4
363503,1
594880,0
391549,2
95919,2
20806,0
1550161,3
644194,4
1064969,2
542637,4
107116,3
594965,1
1516467,4
96055,1
675305,3
20386,2
473630,1
389273,0
95973,0
217167,3
15764,0
545949,1
1546008,0
95196,3
13614,2
361715,0
334782,4
595038,1
644028,0
594426,0
542586,3
20702,4
95690,1
336239,0
597898,3
95490,2
599411,0
600117,4
546295,1
1236656,3
542498,1
16297,2
595822,0
21685,3
599814,1
12337,2
1226080,3
21052,4
13977,3
107156,4
674446,1
542295,2
598255,1
361342,1
107217,0
387407,1
334998,1
736306,2
20176,3
543018,4
299632,4
644254,1
599752,1
16271,1
361591,0
13046,3
299833,4
595352,3
390957,4
21053,2
545903,1
15659,4
300273,3
362614,4
363683,4
599262,3
1064758,3
546238,0
335198,1
390055,1
546401,2
642792,4
362995,2
106984,1
21071,3
473534,4
391587,0
15844,1
362490,3
546735,4
589742,3
301355,3
390303,0
674397,3
389746,0
473230,1
362563,3
387258,2
473788,1
589842,2
107452,4
599423,1
595299,3
589756,2
591680,1
546778,3
641946,4
546340,3
643205,3
363084,2
96184,3
387750,0
16267,0
1545974,0
12614,1
1318640,3
107760,2
107149,3
1212648,3
387557,4
591779,3
96430,3
472688,4
643052,2
362473,2
1246603,0
546067,1
642887,3
107241,4
594560,1
591813,1
472778,4
596288,4
643818,4
362176,3
600019,3
16124,3
642756,0
1236426,4
599353,3
675318,3
15734,4
595084,0
595310,3
19880,3
388775,1
96357,1
674191,2
391196,1
643831,2
542461,1
674380,3
590384,4
1567783,0
473706,2
518214,1
595851,1
388876,1
108212,4
20775,0
362832,2
546813,0
107822,3
15794,1
641937,4
590400,1
387647,1
361966,3
589877,1
1549387,2
14013,2
299541,3
596201,4
14619,3
300546,2
590379,4
13185,2
674280,4
107907,4
642036,1
1550218,4
590091,3
391622,2
1212900,2
1065557,3
20868,4
16176,0
300453,4
389479,1
542821,3
12712,4
599785,0
1555485,0
95061,4
362042,0
472866,2
591602,4
301298,1
599666,1
594536,0
591612,0
591773,0
20227,0
390272,3
361667,2
106936,1
1065896,0
362727,4
1066011,2
595003,3
1604351,1
597883,2
107267,1
95070,2
595209,1
336154,0
599074,3
589962,1
595655,4
1211130,2
107290,3
96076,4
1246661,1
387341,1
15048,1
16133,2
1064702,2
598019,3
389468,1
1236538,0
600013,2
472476,0
16355,2
590319,4
95980,0
107510,0
596237,1
597909,0
1550130,1
1236546,0
1212680,1
594832,4
362707,3
14478,0
595252,3
108144,4
1066015,1
595013,1
95940,4
106891,2
591551,0
1209211,3
472408,1
1065554,2
1211094,1
15469,0
15619,2
642984,0
590558,1
387742,3
106701,0
542784,3
1212846,3
598184,4
363587,3
1567703,3
107769,0
1516509,4
545999,3
106739,2
388936,2
363421,2
642667,4
391792,0
15664,1
591615,1
599203,4
595028,3
642469,1
391161,3
389592,0
589937,0
363497,3
388355,0
95975,2
21582,1
361278,1
598408,4
599089,2
1567635,1
20781,4
391316,0
598423,0
15653,4
301276,1
1246766,2
1212677,3
15385,3
472359,1
16194,2
595950,1
546200,2
542826,4
589697,1
108309,4
95235,3
642397,1
20112,2
546050,1
391800,4
106994,2
20018,0
107784,0
473241,2
546637,1
95867,1
388042,0
675589,1
334631,3
20890,0
391322,4
107627,3
546635,3
362732,0
14558,0
108403,2
361815,2
595368,4
598364,3
642132,4
15299,0
15621,2
106664,0
643215,0
95454,1
390308,1
106765,4
388278,4
598357,3
391623,4
675377,2
300429,3
595709,2
21650,0
13014,4
595246,3
599787,2
361861,3
20217,4
391224,3
598380,3
674185,1
675310,0
546938,0
388923,4
542709,2
591545,2
472829,2
589713,4
674519,2
388964,4
542691,2
108366,4
599378,1
336090,4
598361,1
543001,2
642390,1
594476,3
108104,4
675092,3
362792,4
546140,1
391787,3
673844,2
644012,3
589788,0
514868,4
299269,0
95811,1
389955,2
387893,2
675336,3
1212606,4
15500,4
1236644,1
546116,2
1065317,3
590976,2
675146,4
15918,1
388347,0
546099,4
1065459,1
642323,2
594556,0
20877,3
675523,4
299813,0
591751,2
542937,3
675539,0
595654,1
642117,4
643034,1
546143,0
590477,1
473447,0
388950,1
1236553,2
387325,1
594581,1
15980,3
108354,1
644229,1
473702,1
598024,1
590059,4
108154,1
387346,1
362808,0
300837,0
1209243,3
96418,0
300987,1
596466,0
546286,1
473366,3
674101,4
96446,3
546827,2
12047,1
641836,1
595411,1
590221,4
389030,2
335932,3
546587,1
600080,1
21267,1
546087,2
107909,1
675220,1
595818,2
363490,3
388276,0
335018,0
1064674,4
591460,3
599516,3
335908,0
389865,4
590889,0
16206,4
1209214,3
108337,4
1246573,0
15565,1
95373,2
362180,0
96268,0
598989,1
1246768,3
594923,0
675569,2
543016,2
361334,0
642899,4
643663,3
20204,1
108486,0
599843,0
598661,1
546320,4
389762,0
545922,3
391799,3
546084,2
473033,4
300545,3
16357,0
362856,0
595335,4
363548,4
1550167,3
107023,0
590518,0
590639,0
108049,1
473749,0
301368,0
1246667,0
106679,2
643719,4
16199,2
1211190,4
644038,4
391311,0
335315,3
1549296,1
14704,4
600188,4
599914,1
599920,2
363723,3
1236683,0
642195,2
643004,4
300394,4
19989,4
335084,2
591341,0
473738,2
643100,0
19994,0
594552,0
599384,1
594544,2
336224,2
591529,1
643181,2
108328,3
363513,3
1065732,2
598074,3
20333,3
336219,2
334972,0
1246600,4
387895,0
1065648,3
108485,0
600063,0
362032,3
108359,4
1246795,4
673923,3
546504,4
336332,1
643815,0
336284,0
13961,4
387998,4
390069,4
542536,4
546724,2
546462,0
361958,0
642185,3
642138,2
599569,2
473400,4
643423,1
107471,0
361498,2
599064,1
1549868,3
1065206,1
596504,3
546179,2
388251,0
363404,1
20366,1
641870,4
299464,2
217182,2
300439,4
642504,4
391805,3
600089,3
20052,0
597992,4
95452,0
361562,4
336175,2
11778,2
600125,0
542686,1
389086,1
590871,1
107720,2
641926,0
472513,1
675345,3
591769,1
300924,1
590484,0
95738,1
362380,0
473716,3
335386,2
1246704,0
391254,3
95204,3
389905,3
389830,1
20039,0
1246589,3
472528,4
643889,2
95806,3
21135,1
21117,0
596028,2
106859,1
362786,3
599492,4
21067,2
389739,3
473386,4
1212904,1
336240,1
473469,4
642178,3
589611,4
15873,4
591404,2
20082,2
674983,3
362282,0
12365,0
21594,1
107111,1
389973,1
21234,4
20612,4
674776,2
387618,2
95318,4
675113,1
15968,3
301467,4
389506,4
595182,4
108012,3
96506,2
542320,4
1208923,0
1212690,2
20655,0
19939,2
14509,3
599708,3
546037,1
546456,1
542827,3
1567679,2
595823,2
546214,2
387772,4
595289,2
1550146,1
15903,0
1211078,0
108394,4
107730,3
472990,4
387669,1
95095,3
643876,1
15699,3
598503,1
19882,2
391636,0
390885,1
546071,4
21774,3
598205,4
389940,3
542345,4
542920,3
591641,2
591245,1
675652,0
362227,4
642124,0
20816,0
542952,0
16337,2
600004,3
389439,2
12906,4
95408,1
361995,0
1208893,2
389416,1
1236638,0
596095,2
106868,4
589568,0
19955,2
95109,1
96537,0
643651,1
1065994,1
600273,0
13047,1
598362,2
472352,3
12859,2
546525,4
20260,0
11639,2
362030,2
546061,4
1209047,1
643895,0
107009,4
389777,2
590296,3
590433,3
21149,3
301570,0
390707,3
1064639,3
542782,1
95700,1
595577,1
675506,2
387642,2
106741,3
16003,3
95651,0
96052,0
674030,0
1567684,2
591622,1
591064,4
390672,2
19873,1
13315,3
299270,1
14590,0
108176,0
598905,2
590900,0
1212880,2
546465,3
594975,1
1567608,2
389939,3
643920,0
15254,2
300944,4
595545,3
12559,0
674642,3
15425,0
642585,0
595522,4
599443,0
546405,1
334898,4
389535,2
96158,1
389014,1
1064748,2
598246,0
472543,3
594575,1
641860,3
106733,1
21743,1
361499,4
1212604,2
336300,4
107916,2
473395,0
361622,3
20741,4
1246798,3
591573,1
336281,4
595221,2
388851,4
596385,3
736210,3
12041,2
596080,1
595205,0
390649,2
472518,0
595944,0
108281,2
361597,4
20867,3
1246647,2
596151,0
12528,4
642118,1
1567785,0
1236686,3
598071,4
387364,4
363176,1
674077,3
595769,0
387987,4
1567559,4
16305,1
335803,3
643882,1
591657,2
589827,0
390970,3
590199,4
20733,2
546454,1
107803,0
675573,2
1236519,1
591546,1
600035,0
20199,2
1064632,4
595833,2
643165,2
674769,4
1246582,3
95719,0
542863,3
12960,1
599558,2
674436,0
595961,4
389565,3
95292,1
106614,1
644082,3
363399,1
388390,2
590773,4
1065568,1
299408,4
12356,0
546081,0
1209241,2
362003,2
1209024,2
391695,4
12181,0
1246542,3
300449,3
334496,1
1064963,0
675033,0
591071,0
390582,1
389295,0
598759,4
589762,1
591723,1
1516527,2
598852,0
591766,3
107099,4
598947,4
591070,4
644226,2
1065855,1
473771,1
1246624,0
641988,0
595239,0
1212750,2
20684,1
387291,1
591327,4
595538,4
388359,4
594658,4
107112,3
391830,4
336244,1
594410,2
1212756,3
15127,1
675327,3
388356,1
641798,1
299753,3
542710,0
1212918,2
675558,3
95600,4
14606,4
599942,1
16101,3
15033,1
1236409,0
546844,1
1212734,4
390151,4
95489,4
363488,3
20949,2
643780,3
361991,2
1567747,2
590415,4
642313,0
590139,2
644136,4
590381,2
95251,4
1236425,4
391333,3
516364,3
335959,0
546016,2
546531,2
388363,1
391434,2
1516481,1
675045,1
301558,1
20921,4
1066023,0
390376,1
389914,3
361967,4
20555,4
300089,4
643072,3
590998,2
387607,2
13751,4
19995,1
15909,0
598906,2
590263,3
391241,1
362220,2
674826,3
95656,0
641873,4
599585,2
390743,1
361483,1
643752,4
546834,0
301017,1
95870,2
594677,1
675082,0
642830,0
1065259,4
674605,0
108244,1
598267,0
390448,4
643610,0
362449,2
546092,4
644164,3
362338,2
389731,2
599297,2
599830,1
644067,0
108382,2
596455,2
545889,4
644250,1
1236637,1
301302,2
643583,3
598969,1
389316,0
387943,3
21019,3
546928,1
591524,0
473056,3
389119,4
545875,3
473180,3
96583,3
363231,0
299553,0
598655,2
388081,4
391572,4
643878,1
336068,4
472386,3
95986,0
361992,0
108317,2
642648,4
1065613,4
644060,0
391369,2
599579,0
95669,1
591724,3
1065083,3
21539,4
107884,2
95455,2
594611,0
301287,1
598321,2
16088,4
1236619,0
643645,3
675184,3
390227,2
589903,3
675381,1
542318,4
1567775,2
299329,0
20439,2
591717,2
12997,0
472796,2
389950,2
301158,0
472575,1
362158,1
363697,0
96292,1
363294,1
95268,0
95189,3
546011,3
299666,3
642914,0
590739,0
600020,4
96548,0
1065327,2
21057,4
14962,2
361503,1
1065184,3
363192,3
674798,0
95234,3
389990,4
595414,2
674092,1
598795,4
598524,3
598368,2
1550135,0
95332,1
542470,3
363507,4
590619,1
1211090,3
1065604,4
95557,4
591489,2
644046,2
299475,4
14084,4
642680,4
336255,1
95901,0
389930,1
1212767,3
674758,1
596219,3
299847,4
363418,4
362460,3
362842,3
106813,0
20084,2
1212891,4
598781,2
335696,4
643192,3
107881,3
336158,2
643369,4
300770,3
391480,3
15949,2
391688,3
300479,2
1246511,4
1567735,3
590316,3
390572,4
20708,1
598970,3
473543,3
390689,4
594587,3
362858,2
19975,0
300376,0
598808,2
21209,2
473185,2
642048,0
1211124,3
514985,2
473586,2
596035,2
299981,2
472682,4
600261,0
599846,3
389700,4
473088,3
95185,1
389379,3
600148,2
388787,4
673905,4
596193,3
643828,2
596424,3
300515,3
590096,0
642732,3
1516490,4
597945,0
642980,0
336164,3
1549934,3
675538,4
391327,2
95816,0
108435,4
389399,3
594989,3
15742,3
599174,0
387661,3
96413,0
473200,1
16289,0
596182,1
472725,0
589688,3
388428,2
642960,0
591092,4
545924,0
595066,0
363584,3
390714,3
336299,3
300086,4
674196,4
1516461,4
590183,0
599191,0
643543,4
546515,3
13768,2
390504,0
591759,1
473668,4
473404,2
1065034,3
388535,1
599183,3
1212839,3
546562,0
95786,0
546665,3
1212722,3
363691,4
674100,3
596227,1
598739,4
596088,0
20988,0
542940,2
642874,1
362405,0
1064836,4
391567,0
594793,0
107949,1
642479,2
387804,0
673980,4
336098,3
546029,3
643868,4
596081,3
388352,1
542468,3
546015,0
675138,2
389470,4
546375,2
1555455,3
674154,2
363791,1
591242,2
1550156,0
390952,4
387970,1
542502,2
20061,1
546215,2
107482,3
1065531,3
473594,3
13303,3
590076,0
546107,3
590909,1
95961,0
542296,1
674995,2
389918,3
675226,4
108146,3
363026,2
1212853,1
362907,3
1550227,2
673742,0
108419,3
301094,2
472336,4
301453,4
362619,1
594926,1
644121,2
300061,2
13131,0
15496,1
20299,3
301500,4
1064751,3
1540843,4
387832,3
473682,2
336302,0
673723,3
107061,3
95295,0
95619,0
1211605,4
361495,3
642915,3
13848,1
390266,1
13855,3
388527,4
600007,0
108484,3
598352,1
336337,3
642110,0
95078,2
300270,0
106748,2
473267,4
20698,0
674861,4
12288,1
472332,2
644105,4
20456,0
108283,2
591129,3
362637,4
546567,1
594814,0
20114,1
1246854,2
473744,1
1567588,3
334534,0
107925,3
673910,0
1540955,1
390693,3
542751,0
546000,3
642000,2
15972,3
106822,0
643881,3
599219,3
643496,0
590548,0
96297,1
674540,0
95276,0
12708,1
644112,4
361671,0
361226,2
336321,2
594394,3
363762,3
95429,4
361674,4
391396,3
361287,4
599086,2
389483,1
595073,0
300698,3
642532,2
590000,1
95246,1
546389,0
1604356,1
301379,1
362757,2
334719,2
15657,1
598373,2
16092,4
594711,1
95219,2
674569,2
390401,0
1567571,0
95591,2
643728,1
643720,1
21226,2
15778,1
388802,3
95120,4
674862,3
473095,3
388886,3
107287,3
96048,0
642375,3
1540862,3
673717,0
301230,0
390153,3
596031,4
15900,4
675582,4
390767,2
387684,4
1516454,1
361598,2
11677,2
388139,1
591353,3
21737,1
1212850,1
95688,2
96549,0
388459,4
1550191,4
15872,3
641875,0
472748,1
643381,3
107362,4
14318,4
363049,2
641805,4
736270,4
591321,3
1212849,3
20293,1
20330,2
641968,2
389765,0
542302,2
96090,2
543034,1
11784,4
390546,4
362595,2
11885,0
642471,0
21073,1
542300,0
1065268,4
19957,3
1209171,1
107892,2
21536,1
391332,3
391490,4
546646,4
1065440,0
1550132,4
590407,0
1211092,4
598920,3
473172,4
473556,0
1065287,3
674564,2
390111,3
1550137,3
594720,3
1212640,3
13636,4
388103,3
15953,3
673985,0
363422,3
546833,4
590111,2
14785,3
598734,1
387691,2
300096,0
106892,2
591278,2
597896,3
108372,4
336180,2
517710,0
20538,3
542647,2
595059,0
546233,4
643724,4
335629,2
388338,3
20848,1
598773,3
675431,2
599148,0
336291,0
389347,3
546455,2
546240,4
546347,4
590632,4
20508,4
12739,0
16166,1
591595,4
95630,0
95984,4
599761,3
595962,0
12714,2
300743,2
107088,0
299932,0
334943,4
590202,3
108395,4
590766,0
643837,4
591119,0
643945,3
107714,4
15801,4
301091,2
642133,0
21558,1
95640,4
600108,3
14880,2
362665,0
363099,0
107565,1
600143,2
300533,4
542499,0
473589,2
391253,1
95759,0
595449,0
643360,3
674767,4
591171,1
335025,0
643829,3
21556,0
642401,0
643468,4
643051,4
517044,0
390198,0
594724,3
594405,1
595113,1
1246726,3
591459,4
595938,2
334610,0
300358,4
594554,1
600150,2
389502,0
595603,3
16075,3
335951,0
598495,0
387734,3
597889,4
107225,0
545948,4
21181,1
300832,3
391293,0
336143,4
389698,3
1212607,0
95226,4
361367,4
96559,4
641912,3
107245,0
595393,4
600202,2
107454,1
106623,0
642735,2
642604,0
20385,0
546721,4
473782,3
591066,0
362210,4
599035,4
589571,1
589755,2
1065417,3
390067,2
1064698,2
1065492,3
21418,3
21236,0
20948,0
598652,2
1550203,3
675668,2
1065850,4
594598,4
594994,2
95290,3
643350,1
542699,3
95659,0
336117,1
13137,3
96020,2
96242,3
545959,0
21414,3
336051,1
596162,2
334859,0
389032,4
387739,3
301251,3
642105,3
642955,3
589593,2
598961,4
15597,2
107542,4
675477,3
362113,2
13927,2
95855,4
642852,3
590511,3
391365,3
14828,0
20358,0
106890,1
1567657,2
95080,4
95789,3
589723,0
108443,3
1208990,2
642761,0
95531,1
473747,1
473090,2
546695,0
361903,4
361920,2
643521,4
1212745,0
20990,0
589952,1
1246597,2
389277,1
546014,3
16217,3
590338,4
1065783,1
594446,3
14417,0
12252,4
591405,3
96245,1
675536,4
21094,0
21353,0
361830,1
363660,3
299951,0
1246673,2
596337,4
591804,4
389422,3
301179,1
473321,1
1212629,1
546356,0
387469,2
15996,2
546345,4
96416,3
1064564,3
643317,1
335465,0
12188,2
595829,3
16178,0
596405,4
95616,0
20864,0
362039,3
1208978,3
542390,2
391246,2
15338,0
362034,2
361424,3
600021,1
473026,3
387532,3
591442,2
591229,4
107494,2
598749,2
595451,0
542494,3
591719,3
107835,3
595102,3
644094,4
390834,2
641864,0
335051,3
21630,4
473800,3
361968,2
95124,0
336338,1
390051,0
389114,4
673741,0
642705,2
363160,2
387988,4
20760,2
108090,1
107146,4
590175,3
388529,2
108252,1
589819,1
642274,0
299814,4
546339,0
590226,3
389164,0
472612,2
1065116,0
95077,3
643861,0
599570,0
546282,0
589928,1
545996,3
591086,2
675496,1
335601,3
362734,2
20286,0
106884,3
391160,4
598619,0
546513,0
1246632,3
388759,0
1208909,0
644088,1
108228,0
1208992,3
472729,3
15678,3
107986,2
16139,3
363239,4
472589,3
595633,4
1211166,4
362674,2
595999,3
595875,1
1212787,3
590498,0
21569,3
14949,1
391713,0
20184,1
643491,2
20309,2
589895,1
1246797,2
594393,2
95244,0
361978,1
362953,4
643391,2
598269,3
590660,1
642555,3
15508,3
1567607,3
473515,4
300663,0
390457,0
596417,1
542740,2
16143,0
598367,3
391494,3
388353,3
361318,1
107817,1
642506,3
642861,4
515822,4
106897,0
363713,1
1567743,0
107669,0
388738,2
15779,4
1209036,2
390507,0
591253,1
20193,1
599093,0
595644,4
389549,4
95608,3
594610,2
13752,3
107215,1
1555502,1
12935,0
1516429,4
361979,3
336173,4
16225,2
599208,2
15190,0
591755,3
388564,4
675628,2
472888,2
675356,1
334439,3
301554,4
1065925,4
95431,0
546469,0
363455,4
107866,0
675584,2
96126,1
108256,0
595056,0
675191,1
15026,0
595717,1
95434,2
1236581,0
362873,1
642154,1
1064708,1
591486,3
642634,1
591444,3
642616,3
591401,0
95418,4
473693,4
591562,2
590077,1
108361,2
643637,3
546765,4
675178,2
389544,2
642581,0
590396,4
336237,0
1212752,4
20041,3
595262,1
335449,4
643187,1
334433,4
644086,4
300152,1
108016,3
542361,2
591567,0
16340,1
598546,1
335201,0
599652,3
546118,1
107570,3
675028,0
96239,4
1246659,4
542993,1
390994,0
363008,4
15025,1
545893,2
673678,3
388536,4
96001,2
598780,4
302586,3
335857,1
542419,1
20315,0
106893,3
643575,1
546859,1
106706,4
546629,4
472834,2
301010,4
1236612,0
590746,2
388839,1
473164,2
363575,0
96412,2
21022,0
387641,0
96557,4
590085,4
1567598,1
388052,4
96188,0
595837,2
336223,4
363770,4
96298,2
95136,4
1065695,0
595742,3
20502,3
642310,0
598971,0
388967,4
13008,2
597929,2
95805,3
391128,1
473254,0
1549897,2
96013,2
1567537,0
674989,3
643111,0
107867,2
546464,0
389233,0
1212715,4
95075,0
472449,3
387630,3
591379,4
16282,2
675221,1
594645,3
1567556,4
1236400,0
21201,4
107374,4
675052,1
362464,1
13308,4
107201,0
594647,3
642017,2
15667,1
590561,1
390755,4
14981,1
390899,3
390537,3
1567640,4
516831,4
361615,3
673713,3
1236595,4
391637,4
675074,2
96455,4
473205,2
107635,3
599140,3
590856,0
20985,3
594920,2
642787,4
107537,2
1065739,1
546501,1
598891,4
598027,1
362084,2
1209054,2
1212623,1
1516482,4
595351,0
590113,0
19885,2
96414,3
361502,3
391474,0
674120,4
107038,1
106834,0
598263,0
589618,2
598077,3
590055,1
361524,0
1208936,0
95849,2
1208897,2
106847,1
473602,3
642164,0
1065879,0
590080,3
1211168,1
1550147,2
16187,1
389834,2
16203,3
389970,0
1236702,1
389170,4
362353,4
95180,1
546863,4
642226,2
675367,0
641947,1
108142,4
598353,3
387991,4
361251,0
107370,0
12697,1
362505,4
363785,2
362300,2
542445,4
1208884,2
642286,0
21093,4
13050,1
300565,0
391610,4
596368,2
473149,0
598828,0
300983,4
390936,2
1540876,1
96147,1
363307,4
591823,2
12059,3
390195,2
107699,3
595772,1
599240,2
391642,1
1555538,4
301306,4
20247,3
95746,3
594978,0
15748,1
334904,3
1567628,3
336232,0
599370,0
334825,1
363482,1
96034,3
107500,1
387579,4
362629,2
389410,2
95099,0
391599,2
542716,2
387453,3
389580,1
301998,3
590919,0
546522,2
598046,0
596084,0
14908,1
590954,3
674011,1
1236414,2
13261,0
591668,4
1555573,0
13324,1
472380,3
95603,2
362685,3
20675,4
599904,3
599351,4
390066,0
96039,3
599258,3
594869,2
299598,4
300725,3
389094,4
643175,3
543019,2
16323,4
20845,3
589777,0
388779,2
590494,0
643692,4
387919,4
107266,3
589561,2
595584,3
389892,0
591517,1
546321,1
1212600,1
299489,1
20414,2
336305,2
107169,3
590446,2
542727,1
595554,2
361799,1
106682,1
361795,4
643947,1
1540831,2
390670,0
736262,4
473624,0
591468,0
362800,4
299531,4
674587,1
390288,3
675134,3
674708,2
473610,1
363033,1
595539,4
96252,4
546211,2
20107,2
472478,0
542611,3
643262,2
643573,1
14634,1
546020,0
106634,1
599263,1
20495,1
643026,0
387939,3
590448,4
643182,4
20776,4
594576,3
643379,2
642586,3
391784,1
675259,2
1066009,2
96027,2
589719,3
95911,1
388185,4
14699,1
472656,4
643641,1
390322,1
387677,0
96582,2
301029,3
362011,3
1211612,3
599551,0
20105,1
361628,2
1567663,1
642447,0
673665,0
388969,0
363352,3
363110,2
516579,3
1064715,1
644201,4
95873,1
594413,3
96408,0
299654,3
96024,3
473430,4
300383,4
107793,2
14946,3
16179,3
299557,0
301493,1
1246703,4
107443,2
674102,1
363052,4
674943,4
1064897,4
334594,3
599893,4
300797,4
594833,1
388856,4
95744,2
472486,3
108293,4
596258,1
96606,3
675321,4
598787,4
1065949,1
473746,4
595729,3
336081,2
387964,0
20057,3
107812,0
590727,4
1064567,4
361803,3
642855,1
589771,4
336163,2
14128,3
597941,1
594829,3
336316,1
674572,0
546838,2
1236598,2
642152,3
390842,3
361897,0
546097,2
643102,4
594872,3
542935,1
106729,4
362581,4
388028,0
546581,0
472412,4
361528,0
1246685,4
361611,2
674561,2
388201,4
643703,0
643368,1
591500,2
390260,4
391745,0
335104,1
95800,0
542315,2
96106,1
642046,4
95272,1
391575,4
1516524,4
361482,2
391030,2
644074,0
546491,3
363400,1
107987,0
362117,3
590608,0
1065125,2
391804,0
589737,4
106869,3
472931,3
546529,0
95998,1
595599,4
96044,1
589885,4
389234,4
107299,3
599668,3
1555439,3
391556,1
388922,4
1550244,0
595711,3
21298,1
598463,0
15014,4
591592,4
589996,1
334457,1
15945,0
13688,0
595243,4
12402,0
599758,0
1246539,2
642434,4
472450,1
473298,3
388924,2
391536,4
675337,4
472937,2
361307,2
95184,3
387536,0
595398,0
107336,1
107532,2
542759,1
389192,2
473330,1
391292,0
1567709,4
599192,2
591694,0
591344,4
388696,3
591420,3
600287,0
546737,2
1567673,0
95668,3
542845,3
595939,2
388223,2
1064905,0
595506,2
674166,4
363676,0
1212939,2
107679,3
361826,1
16315,3
545988,0
20884,4
591330,4
21504,2
642583,1
1212794,4
362882,3
598725,0
299603,4
1212893,2
472484,1
1555575,3
95544,2
107597,2
1065331,3
335108,1
590073,4
391780,4
108294,3
641821,1
388808,3
595500,3
473116,3
472542,1
596350,4
106949,4
362462,4
546161,0
546870,4
391768,2
95529,3
106732,4
590138,3
542846,2
108227,3
300295,0
473575,1
473665,2
1567695,0
590884,1
12357,4
546660,2
1065101,0
12518,3
598176,4
675530,0
388592,1
21419,0
363260,0
95664,2
644092,3
596098,4
594892,3
546820,4
598611,1
546301,3
14779,1
598908,3
590916,3
675198,1
597930,1
20179,3
96119,0
542504,4
590769,1
16136,0
546940,3
641972,2
388596,4
391543,1
641817,4
299577,2
15755,0
107666,0
96337,2
21313,0
106898,2
20096,2
106882,1
15985,0
1211626,1
107288,1
95159,0
300981,0
301275,2
96380,1
1065566,1
389039,2
1236665,0
594408,4
362038,0
589920,1
389523,1
673995,3
644140,2
95427,1
389864,0
15919,2
546911,3
96060,0
674108,2
599601,3
389968,4
590637,4
107025,3
594547,0
96527,4
546832,0
96095,4
1246712,1
391343,1
1065898,3
473807,3
673714,3
591728,1
95925,3
13397,0
590352,2
361540,4
1211610,4
299680,0
362524,3
595899,1
643581,2
20302,4
473103,4
362056,1
641936,0
1211630,3
1246725,2
595132,0
389727,4
391025,0
598658,2
20438,3
1064992,3
363091,1
1211184,4
599260,2
591811,3
643787,3
301460,1
675022,2
361673,3
599255,0
363566,0
95299,0
591244,1
391163,1
673830,2
391247,3
642454,1
596158,2
591716,4
542798,4
599253,4
108404,0
363461,2
598203,0
546512,4
642089,2
1246771,4
363793,4
599866,3
600015,3
642883,0
15865,0
594519,1
362232,0
642290,3
390947,2
598455,1
1246809,1
1545981,1
590009,2
1516411,2
641826,1
20331,4
299532,3
20380,1
389010,2
1246562,1
598825,4
95963,1
95850,2
390497,4
362605,3
301550,4
596415,4
19938,4
642182,4
643250,1
16312,3
473328,4
1246577,3
361825,3
387507,4
594960,1
95625,3
15703,1
96175,1
391564,4
1212615,3
107528,4
361425,4
96322,3
20285,0
590606,3
674527,1
595011,2
674000,3
362544,1
1208880,1
642600,3
106745,4
643071,0
641895,4
596192,0
108006,3
19842,3
20700,4
1212942,2
20721,2
472839,3
1064750,2
387338,0
362415,4
596125,3
600181,3
1208907,2
335561,0
600036,1
643294,0
598042,1
106953,0
473580,1
20169,3
389271,2
1236479,2
13435,2
107005,1
1550175,1
599326,4
546951,2
95946,1
1516452,3
673684,0
217399,0
387385,0
361516,0
96263,1
736281,2
391336,4
1546001,3
391649,4
1212751,1
596112,2
642742,3
675594,2
336230,2
15716,2
300660,4
391090,1
362809,2
642254,0
391475,0
545986,4
1236437,1
107055,4
643798,0
675215,4
389792,0
107753,2
336149,4
335730,0
11963,1
1211114,3
675463,0
21066,0
21836,4
675048,2
300085,0
674566,4
1212617,4
673768,2
299459,0
95777,0
546549,3
542983,4
335697,4
675364,1
546083,4
1567585,2
13089,1
542887,0
12046,3
361407,0
595693,1
388148,3
642336,3
589901,4
363532,4
641987,1
594451,2
642828,4
594835,4
300724,3
390099,2
11878,0
300659,2
546310,4
95406,1
642875,4
1065117,1
600093,4
15944,4
15114,1
301243,3
107550,0
361308,4
542987,2
20813,0
591144,1
95145,0
736295,3
361718,0
643079,3
599060,4
12689,1
108083,2
1555410,2
1065032,2
387625,3
14120,0
542473,2
642279,3
545911,4
1246586,2
1236507,2
20597,2
472492,4
387795,2
16164,0
20791,3
642651,4
642299,0
108474,4
598928,0
390509,4
106902,2
643890,0
595100,0
388038,2
597995,0
301512,0
362161,1
674684,0
21314,0
591397,4
642143,1
390089,1
1211607,3
1236678,0
12749,3
598477,3
362290,3
108478,1
1516439,4
20640,4
643101,2
642265,2
108153,0
472406,0
594642,0
13293,0
643367,3
389681,4
387464,3
301166,3
590804,4
106768,2
589655,3
595230,0
542441,3
362343,0
546073,2
217236,4
363070,4
96103,3
596284,3
598516,4
594825,1
363223,2
106851,4
1212783,0
596105,2
1211121,2
546042,3
595437,3
13816,0
643840,0
1567729,2
388805,0
546836,1
1212766,4
643567,2
736212,4
472967,1
591028,0
391498,3
595107,4
11957,0
472424,0
1549913,0
21247,3
1246683,4
675344,3
675616,0
363415,2
388854,3
389142,2
12678,0
594797,4
674823,1
363474,3
389062,4
12770,3
336241,0
335515,1
15118,3
675106,2
107331,1
20403,2
590972,0
674863,2
20341,0
96206,0
96535,0
390325,4
594808,1
546188,0
300360,4
21309,3
390446,0
299858,3
599763,2
390680,2
363002,1
598395,0
542474,3
1549319,3
598149,1
363742,4
590069,2
591154,3
391816,3
542704,1
642443,1
1236434,4
641925,1
14942,3
334488,2
21284,0
1065142,0
591239,1
596206,2
362941,2
643292,3
15963,2
473332,3
391746,2
542382,2
1065153,3
388921,4
389844,2
95635,3
1246751,4
473786,4
107862,2
389357,3
546934,0
95577,2
594861,3
96155,1
542515,1
335674,3
20725,3
106961,0
1064635,1
641778,1
1236517,0
107257,4
1567589,1
594753,3
591040,4
591457,4
1212726,1
641801,3
1550251,0
675041,2
21386,1
20223,3
545914,1
300746,1
96391,3
14875,0
96567,2
642886,2
594754,4
300960,2
300873,3
301102,2
675379,3
543015,0
643622,1
20618,1
13679,3
473322,0
362116,3
387932,1
362902,0
107789,4
334438,2
595924,4
590495,1
589685,1
106966,3
300557,2
594717,1
589906,0
387545,2
591007,3
598326,2
598664,4
1550220,1
590878,4
361444,0
736198,4
387948,3
300188,1
595290,1
595328,1
388170,2
598222,3
1064746,0
1567757,2
300465,3
1065760,0
13205,4
642688,4
591843,2
399167,2
595779,3
96475,4
675316,4
589986,1
16016,4
675636,3
591658,0
1236573,2
336310,2
362795,3
388606,0
675016,2
107035,1
473605,3
361907,3
546430,0
16324,0
15895,1
361486,0
643329,4
363366,0
546728,1
736304,3
95573,2
674465,2
387849,0
542331,1
95104,4
301194,3
595796,3
16283,0
21405,1
1209250,1
673880,0
336252,1
591846,2
1211107,2
594546,0
363607,3
107036,4
21541,1
590354,3
642213,0
472539,2
594690,3
363480,0
1545985,4
362067,1
20123,0
299406,2
95898,3
390114,1
387519,0
299963,4
675275,4
21439,3
599603,3
107804,0
390867,0
299357,0
599056,4
642982,2
473491,0
334953,4
1212610,2
390249,3
387409,2
96244,3
363224,1
16276,1
300414,3
546726,0
389403,3
362318,3
362827,1
95945,1
390918,2
642837,2
21488,4
590329,2
675120,0
388437,2
107289,0
546616,1
1065758,1
595272,4
594453,3
1246658,0
473454,3
300967,2
643148,2
597947,4
599855,0
390852,1
95358,0
542735,2
595357,3
591090,3
590290,0
643931,1
14057,4
300207,4
20956,4
16085,3
1065299,4
598491,3
674984,2
390216,3
642624,0
600224,4
643954,3
598757,0
363354,4
96581,1
591191,1
599196,1
594501,2
643487,2
391074,3
590178,0
473174,2
390848,3
107942,4
595658,0
599609,3
542866,1
21492,4
1516406,0
642671,1
1236688,1
388825,1
643208,4
642544,0
644009,3
21046,2
598789,0
301055,2
598291,4
1212919,4
595277,1
542415,0
599690,2
388452,4
301534,4
643917,3
388712,2
591362,4
15926,3
643326,1
675598,1
1212758,2
591465,1
674654,0
675292,1
599410,2
20762,2
388216,3
15642,1
107010,2
542685,2
387710,4
642345,0
336287,2
95216,3
1212643,1
96593,1
388420,0
591685,3
643830,3
107856,2
643348,2
95182,2
300706,3
590705,4
1550245,4
107508,1
1236458,0
95174,3
391779,4
591276,0
543007,3
595619,1
1567591,0
590917,2
95937,0
389058,4
107955,1
362538,4
299795,4
643088,4
591010,0
594749,1
642695,0
15604,2
108097,1
361633,4
362280,0
600103,2
336050,0
736300,0
95762,1
599228,2
106921,4
19887,2
1246781,0
14096,4
20073,0
361295,0
595408,1
16248,3
675163,2
673839,4
361574,1
390740,2
542656,1
1212877,1
674162,4
13916,4
363053,3
108267,4
391425,3
15241,0
595748,1
590692,3
546773,0
387398,4
108215,4
388027,2
15749,4
96445,0
599469,3
542548,0
389360,0
472761,3
591371,1
389224,4
643716,4
675200,1
299320,2
595130,3
96108,2
300630,4
96079,3
641844,0
20363,1
20649,2
472971,0
1567583,4
387394,3
389853,3
675307,2
95613,1
300349,2
472630,3
599405,3
542869,2
387628,1
107165,0
96356,0
336324,2
1567742,2
673661,3
336177,3
20866,4
1516528,4
12120,0
96128,0
388189,1
363631,3
599115,1
361805,2
599948,2
388010,1
599505,3
1550249,4
598301,0
598424,3
642378,1
1064607,4
95518,1
107756,3
642440,2
675290,1
20092,3
389519,4
644079,3
473280,1
641846,2
590292,2
1246731,1
361464,0
598304,0
596277,1
107402,4
362401,0
301321,0
1567754,3
13364,1
387855,0
595169,3
388076,4
390252,1
106774,3
599518,1
1567665,0
642622,1
389680,4
390946,3
594998,2
300117,4
13340,4
1236462,3
643285,3
1065996,0
13322,3
391489,3
96332,3
15651,4
641829,1
599201,0
642491,0
299549,4
472395,1
595037,1
642198,3
473017,4
546054,0
391678,1
361668,4
1212836,3
674040,2
546066,2
388208,4
16300,2
20899,1
599552,4
390774,3
473698,3
106951,3
599661,0
108208,2
390133,1
599372,1
643048,2
596026,4
106896,1
1208947,0
589894,0
389485,0
598791,4
1516445,1
387951,1
598959,2
336019,3
598933,0
300685,1
1567638,2
335611,1
1567682,3
12634,3
642983,0
391429,2
594555,1
335448,2
15068,3
363316,3
301284,4
1065148,4
473394,2
301176,4
108218,3
95510,0
675170,2
598877,1
675385,3
598245,3
1246613,1
595269,1
675216,4
107615,3
542743,3
591616,2
591449,2
107659,4
598372,3
96388,1
598010,1
389793,2
336144,2
1545996,3
642180,4
389928,4
14797,1
1516438,1
599679,1
390914,2
362241,1
589562,0
642442,4
736303,0
389655,2
300964,1
1212928,3
388511,0
16273,1
675031,1
1211093,0
15871,1
590471,3
21084,1
600095,1
362975,3
591538,4
14097,1
1212732,4
361603,2
589592,4
642031,1
546845,4
1567763,4
388217,3
1246531,0
389995,1
594906,3
643976,3
15517,2
95499,3
20240,1
546227,0
301503,2
19907,3
95825,4
389578,1
594889,3
1236403,0
107857,3
107576,3
387408,4
362236,2
20229,4
595282,3
1318633,3
643478,0
1567553,1
299574,4
473438,2
96243,2
642461,1
390171,0
300886,0
599014,3
546173,2
15464,4
589750,4
599194,1
300712,0
591793,0
594494,4
390375,3
389473,2
599696,1
591691,0
643739,4
20770,0
12871,2
598234,2
1065076,0
643735,2
515365,2
589749,3
361282,4
641982,1
388728,1
362803,3
389672,2
674430,0
11702,2
1246702,3
642240,1
674742,4
546070,0
590176,0
1516517,3
675537,1
594550,2
595337,2
391194,1
595256,1
546530,4
12466,1
15723,3
106983,1
595442,2
361589,1
106912,1
1516531,4
1555381,1
546902,3
301136,2
1236477,2
1064924,2
596442,4
1064671,4
361692,2
362108,2
20746,2
473680,1
13685,3
644080,4
388435,4
391632,3
472794,1
390095,3
336233,1
675267,2
546397,3
299492,1
107354,0
600097,0
596346,2
15826,4
299649,0
301533,1
594626,0
589590,4
1246834,4
1208910,2
590367,2
1208997,4
591018,1
16162,3
594667,4
95736,0
591818,1
542773,2
590725,2
20423,3
388976,1
598206,2
591498,1
598817,2
95333,3
642696,4
589907,4
643260,1
21157,4
590211,3
391638,4
96193,0
1212704,0
472978,4
96543,2
598359,1
594622,3
591222,3
595300,0
674318,2
591373,0
674190,1
299652,2
391534,3
674571,4
642348,2
641792,0
388475,0
108316,4
388910,1
598195,2
643744,2
1208892,0
674332,1
20952,4
1212596,1
643773,0
590344,1
1549341,0
598323,0
15994,3
642912,2
642349,0
361924,2
363219,2
300215,3
600052,2
595292,0
594601,4
300249,0
675306,3
472811,0
